16.540665
16.640560
18.132935
15.276260
16.660091
16.770555
16.878138
16.451973
16.667137
16.595736
16.782082
16.702356
16.535221
16.839396
16.597015
16.738537
16.575884
16.775038
16.610144
16.603420
16.794249
16.679304
16.648886
16.524334
16.754547
16.644724
16.713562
16.660732
16.616547
16.917200
16.494238
16.621349
16.736616
16.591253
16.726370
16.721567
16.741098
16.576845
16.740778
16.615908
16.689869
16.689228
16.662653
16.628393
16.721567
17.016136
16.477907
16.475346
16.712923
16.636078
16.706198
16.706839
16.602459
16.626472
16.719646
16.632877
16.733734
16.666817
16.662653
16.724770
16.560514
16.748783
16.702997
16.583248
16.856365
16.554752
16.648886
16.869171
16.535542
16.637360
16.671299
16.711641
16.754866
16.604061
16.725090
16.920721
16.536180
16.513449
17.498331
15.769022
16.842276
16.557634
16.795851
16.619749
16.540024
16.736937
16.758389
16.613346
16.699474
16.701077
16.556673
16.654329
16.912716
16.544506
16.686987
16.598297
16.804174
16.637360
16.623911
16.734055
16.571081
16.665855
16.731813
16.659773
16.672899
16.881020
16.508966
16.689548
16.773117
16.533300
16.813459
16.509605
16.743980
16.602139
16.670979
16.676743
16.744301
16.655609
16.610785
16.789125
16.632236
16.680904
16.645044
16.685387
16.816982
16.675781
16.533939
16.712923
16.620710
16.626793
16.702677
16.717726
16.658812
16.651127
16.690830
16.638000
16.687948
16.610464
16.708759
16.751345
16.838755
16.612064
16.676102
16.625193
16.670979
16.696913
16.670338
16.728931
16.527857
17.245068
16.192625
16.606302
16.753906
16.582607
16.716764
16.671299
16.627113
16.718365
16.741098
16.573643
16.661053
16.770235
16.647285
16.661373
16.716124
16.705238
16.583569
16.713562
16.631596
16.681545
16.670017
16.719646
16.620390
16.637039
16.610785
16.751345
16.830750
16.614626
16.624231
16.775038
16.599577
16.652727
17.029903
16.362001
16.646645
16.777599
16.527536
16.670338
16.783363
16.588371
16.712923
16.647285
16.701395
16.809938
16.628714
16.603741
16.831390
16.495518
16.638319
16.650167
16.667456
16.659452
16.734375
16.602139
17.108349
16.307251
16.676743
16.653368
16.725729
16.546106
16.690510
16.699795
16.781441
16.662334
16.757109
16.458696
16.684107
16.818903
16.749744
16.516649
16.688910
16.633516
16.651768
16.727652
16.782082
16.728931
16.461258
33.345158
0.263831
16.443329
16.792969
16.685066
16.706198
16.662973
16.602139
16.722849
17.179750
16.296364
16.543226
16.616226
16.686348
16.589012
16.714523
16.613667
16.695953
16.649527
16.677061
16.774397
16.734695
16.598938
16.610464
16.722208
16.721567
16.746542
16.799051
16.501602
16.657211
16.568520
16.810577
16.720287
16.571402
16.873335
16.729893
16.295723
16.719646
16.801933
16.667776
16.608223
16.721567
16.595736
16.686987
16.703957
16.693071
16.667137
16.647606
16.605021
16.821144
16.606941
16.662014
16.688589
16.581327
16.658812
16.692430
16.781761
16.754866
16.669697
16.558273
16.626472
16.678343
16.654329
16.758068
16.760630
16.522734
16.695313
16.665215
16.689869
16.744942
16.615267
16.700756
16.591574
16.790087
16.555073
16.925844
16.477268
16.667776
16.678343
16.816021
16.587410
16.678663
16.678984
16.658491
16.643763
16.704597
16.611423
16.754547
16.590933
16.749744
16.663935
16.668097
16.680584
16.738216
16.578445
16.784964
16.604700
16.735655
16.622952
16.911757
16.427639
16.608864
16.719646
16.821144
16.514729
16.745581
16.754547
16.512808
16.760309
16.793289
16.506405
16.731173
16.659452
16.577166
16.735975
16.680264
16.636719
16.701715
16.688269
16.649206
16.786884
16.634157
16.580687
16.696913
16.735975
16.707479
16.635118
16.620710
16.676102
16.732454
16.654009
16.740458
16.557634
16.674820
16.773758
16.684425
16.719967
16.548988
16.679304
16.649527
16.756788
16.637039
16.847719
16.587410
16.625193
16.596376
16.678343
16.708120
17.112190
34.267288
0.636204
14.746998
16.636719
16.858286
16.785284
16.368086
16.708120
16.725729
16.511847
16.804495
16.592854
16.631275
16.788805
16.751986
16.562117
16.852842
16.602459
16.905672
16.369366
16.678663
16.829149
16.633198
16.456135
16.684746
16.812500
16.519852
16.832670
16.731813
16.960424
16.370966
16.535862
17.379864
15.917267
16.775999
16.736296
16.796169
16.498079
16.667137
16.702356
16.709080
16.631596
16.602779
16.776958
16.640560
16.933208
16.370327
16.677061
16.635439
16.732775
16.892866
16.445890
16.722208
16.590292
16.629034
16.793608
16.563076
16.660732
16.940893
16.521772
16.741739
16.621990
16.686028
16.703318
16.727652
17.015175
16.674501
16.258263
16.693392
16.665855
16.702997
16.604061
16.735016
16.621349
16.606941
16.645683
17.017096
16.521772
33.256470
0.357965
16.247696
16.672258
16.707800
16.756788
16.650486
17.663866
15.597404
16.718365
16.901831
16.375769
16.670338
16.777920
16.773758
16.626472
16.772476
16.536501
16.679623
16.661053
16.643122
16.751345
16.705879
17.402277
15.944483
16.680264
16.671940
16.550270
16.737896
16.656891
16.799692
16.600538
16.702356
16.524975
16.889984
16.476307
16.661053
16.674181
16.804495
16.656570
16.670658
16.674501
16.626793
16.600538
16.651127
16.645044
16.772476
16.707800
16.708441
17.238024
16.157724
16.600538
16.649847
16.645683
16.606302
16.696274
16.702356
16.710682
16.818903
16.572042
16.609182
16.702036
16.707159
16.686028
16.683146
16.609182
16.684425
16.714523
16.772797
16.619429
16.692110
16.589012
16.708759
16.648565
16.611744
16.840675
16.639921
16.630636
16.638000
16.678984
16.662653
16.588692
17.016136
16.428280
16.702677
16.631916
16.623272
16.709080
16.868532
16.532980
16.704597
16.732454
16.515369
16.801933
16.642162
16.619429
16.740778
16.587090
16.688589
16.742060
16.841957
16.520493
16.580687
16.725410
16.712923
16.678343
16.672899
16.659132
16.618788
16.686987
16.677382
16.662973
16.792648
16.584848
16.668417
16.647924
16.713562
16.676743
16.716124
16.613667
16.620710
16.690189
16.793289
16.592533
16.738216
16.652409
16.688269
16.771196
16.721888
16.578445
16.723167
16.641521
16.748142
16.637360
16.564999
19.207150
14.101829
16.658812
16.791367
16.604700
16.835232
16.538742
16.708441
16.621670
16.732454
16.565958
16.753906
16.600859
16.787205
16.655609
16.623911
16.632877
16.795530
16.624872
16.898308
16.613985
16.645044
16.616226
16.541304
16.719326
16.791048
16.523054
16.669058
16.806736
16.632877
16.597656
16.762550
16.651127
16.615908
16.674501
16.676743
16.677702
16.736937
16.665215
16.597656
16.738216
16.679943
16.605661
16.880379
16.599257
16.688910
16.603100
16.712603
16.712282
16.794569
16.490715
16.653368
16.751024
16.678984
16.637680
16.714523
16.641201
16.631596
16.715164
16.654009
16.602139
16.849640
16.543865
16.722528
16.583889
16.717726
16.649527
16.767994
16.670017
16.686668
16.683146
16.745901
16.511208
16.887743
16.523375
16.741098
16.694351
16.576845
16.629354
16.705238
16.651127
16.690830
16.642162
16.672258
16.719646
16.662334
16.641201
16.759989
16.632557
16.754866
16.558914
16.922642
16.637680
16.535862
16.690830
16.598618
16.766394
16.801613
16.554752
16.694031
16.657211
16.590612
16.789125
16.720287
16.566919
16.713882
16.626472
16.700436
16.769594
16.648565
16.640242
16.716764
16.613667
16.720287
16.604061
16.693712
16.591253
16.816021
16.581327
16.690830
16.710041
16.697874
16.632877
16.608223
16.710041
16.649206
16.673861
16.786884
16.599577
16.760630
16.622311
16.718685
16.554111
16.769915
16.647924
16.658491
16.725410
16.648245
16.592213
16.773438
16.615908
16.723488
16.614626
16.659452
17.278687
16.530739
16.357199
16.543865
16.649847
16.739178
16.619749
16.724770
16.694672
16.664576
16.604061
16.685387
16.693392
16.723167
16.665215
16.729252
16.627113
16.770235
16.690510
16.629354
16.728291
16.580366
16.824026
16.652088
16.706839
23.186386
10.022695
16.924883
19.186018
13.925728
16.894146
16.620070
16.515690
16.633198
17.075050
16.251219
16.721567
16.722849
16.622631
16.712282
16.638319
16.680584
16.672258
16.679623
16.734695
16.576525
16.710361
16.671619
16.716124
16.640560
16.656250
16.672579
16.627434
16.710041
16.665855
16.683786
22.726603
10.753673
16.992443
16.318457
16.528816
16.764153
16.593174
16.697874
16.646004
16.732134
16.659452
16.701395
16.672579
16.586451
16.741739
16.787205
16.557314
16.701715
16.699154
16.659132
16.650806
16.661053
16.662334
16.634157
16.713562
16.539063
16.696274
16.798412
16.644724
16.735655
16.635439
16.669697
16.705238
16.731813
16.710041
16.571722
16.756468
16.536821
16.635439
16.697874
16.719646
16.754227
16.641842
16.567879
16.683466
16.707800
16.590292
16.754866
16.678022
16.626793
16.659132
16.793608
16.678984
16.797451
16.532019
16.635757
16.816662
16.570120
16.696913
16.686668
16.607903
16.682184
16.662334
16.646645
16.646324
17.018057
16.447811
16.584848
16.764791
16.613026
16.656250
16.756468
16.649206
16.659452
16.659773
16.650806
16.739819
16.715805
16.588692
16.676422
16.674181
16.763512
16.622952
16.807056
16.625513
16.572042
16.669697
16.876535
16.524334
16.743980
16.598938
16.653368
16.724449
16.722528
16.631916
16.719006
16.602779
16.689228
16.635118
16.742060
16.574284
16.802574
16.612705
16.620070
16.670979
16.746222
16.589012
16.737577
16.632877
16.690189
16.677061
16.740458
16.761271
16.724449
16.515049
16.718046
16.606941
16.715485
16.696913
16.707800
16.781441
16.540024
16.701715
16.699795
16.527857
16.703957
16.643442
16.696592
16.702997
16.671619
16.664255
16.827868
16.554752
16.660732
16.776958
16.628714
16.634157
16.868212
16.551870
16.617828
16.731173
16.675461
16.753906
16.671940
16.605982
16.615908
16.665855
16.775999
16.631596
16.637039
16.644083
16.682825
16.694672
16.658812
16.728291
16.690189
16.627754
16.660412
16.685066
16.678343
16.644083
16.755507
34.055965
0.531184
15.409456
16.695313
16.573643
16.750704
16.738216
16.999166
16.333185
16.582607
16.666817
16.881979
16.737257
16.514090
16.646004
16.679943
16.684107
16.727331
16.649527
17.123718
16.221441
17.020618
16.272671
16.906633
16.689869
16.689548
16.618149
16.686028
16.432762
16.973232
16.649847
16.597977
16.740137
16.961065
16.177896
16.994364
16.449411
16.534260
16.848680
16.702356
16.496159
16.734055
16.621670
16.763512
16.629354
16.579086
16.628393
16.749424
16.632236
16.718365
16.701077
16.663935
16.797771
16.499041
16.629034
16.689548
16.701395
16.661694
16.708759
16.675140
16.674820
16.690510
16.686348
16.591574
16.881659
16.507044
16.746862
16.663614
16.590292
16.670017
16.897028
16.688910
16.581327
16.552832
16.699795
16.731173
16.852522
16.402025
16.802254
16.538742
16.673861
16.642803
16.815382
16.683786
16.639280
16.650167
16.693392
16.655289
16.719967
16.613985
16.848360
16.490715
16.748463
16.748142
16.688269
16.593494
16.651447
16.878458
16.461258
16.709400
16.794249
16.591894
16.632557
16.684425
16.630955
16.728611
16.706518
16.597656
16.767033
16.670979
16.648565
16.652088
16.850281
16.561796
16.585489
16.711962
16.606621
16.740137
16.783043
16.586451
16.688269
16.617828
16.730213
16.637680
16.762871
16.631916
16.715805
16.584848
16.721247
16.662973
16.750704
16.616226
16.645683
16.722208
17.524588
15.760697
16.715164
16.636398
16.703638
16.678984
16.714523
16.646645
16.842276
16.509926
16.677061
16.719646
16.584530
16.793608
16.722849
16.585810
16.782402
16.560514
16.648245
16.657211
16.740137
16.646965
16.629675
16.752625
16.642803
16.718365
16.692110
16.594135
16.732134
16.570120
16.685387
16.812820
16.617828
16.617508
16.780161
16.581648
16.697874
16.800972
16.686668
16.676743
16.655609
16.644403
16.551870
16.732134
16.778561
16.676102
16.617828
16.559235
16.670017
16.675140
16.822744
16.506084
16.798731
16.574923
16.651447
16.714844
16.714844
16.635439
16.749104
16.679304
16.607262
16.656891
16.737257
16.848680
16.464781
16.616226
16.670979
16.672899
16.739178
16.640560
16.648886
16.699795
16.696274
16.631916
16.786564
16.643763
16.688269
16.676102
16.654650
16.634478
16.753586
16.694992
16.593174
16.644403
16.702677
16.630316
16.755827
16.724770
16.678022
16.561476
16.826588
16.622311
16.836193
16.585489
16.537142
16.648886
16.673861
16.832352
16.678984
16.670658
16.669058
18.932753
14.239187
16.900230
16.471504
16.727652
16.702036
16.609182
16.738216
16.602779
16.885822
16.589333
16.486553
16.712282
16.639921
16.642483
16.739178
16.733414
16.566919
16.658491
16.663294
16.791367
16.786564
16.513449
16.685707
16.683146
16.714203
16.695633
16.646965
16.595415
16.693392
16.709400
16.771835
16.524975
16.799372
16.652088
16.661373
16.624231
16.769594
16.654970
16.701715
16.629995
16.685066
16.734375
16.585489
16.624231
16.770555
16.724129
16.690830
16.573963
16.683466
16.702356
16.689548
16.743660
16.554752
16.624872
16.743660
16.646004
16.740458
16.649847
17.332157
15.914706
16.755186
16.767353
16.740458
16.702036
16.863729
16.524334
16.411310
16.741098
16.577484
16.698833
16.703638
16.622311
17.513060
15.834660
16.734695
16.581648
16.948898
16.702677
16.394661
16.744621
16.613667
16.630955
16.716124
16.606302
16.686987
16.852201
16.614946
16.600538
16.644403
17.226175
16.211515
16.595736
16.776638
16.661694
16.718365
16.525616
16.666496
16.649206
16.689869
16.723808
16.708120
16.657850
16.654009
16.674820
16.728611
16.592533
16.763191
16.618788
16.622631
16.771517
16.715485
16.604380
16.891584
16.455496
16.675781
16.676743
16.641201
16.671299
16.723167
16.617188
16.649206
16.722208
16.698195
16.613026
16.824347
16.537783
16.694351
16.731173
16.667776
16.636078
16.712923
16.564358
16.731813
16.681545
16.694031
16.634478
16.700115
16.647924
16.717726
16.820503
16.695313
16.539063
16.712282
16.585169
16.701395
16.669378
16.693071
16.656891
16.600859
16.665535
16.683786
16.682825
16.664576
16.699154
16.733414
16.569160
16.672579
16.702677
16.713243
16.605021
16.775358
16.557314
16.672258
16.762871
16.886782
16.421875
16.727970
16.604380
16.720926
16.811539
16.634157
17.130762
16.299246
16.634157
16.540665
16.678663
16.672579
16.686987
16.629675
16.666817
16.647606
16.645683
16.861168
16.556673
16.694992
16.688910
16.595095
16.766714
16.714203
16.586771
16.735016
16.573002
16.857325
16.624231
16.736937
16.548029
16.841957
16.507044
16.719646
16.655609
16.728931
16.538103
16.782722
16.637039
16.649847
16.708441
16.710041
16.649527
16.649527
16.662653
16.697554
16.771517
16.722208
16.533619
16.654970
16.698195
16.632877
16.650167
16.886461
16.493597
16.897348
16.446209
16.661694
16.886461
16.610144
16.524654
16.757748
16.683786
16.669697
16.648245
16.678343
16.684107
16.622311
16.667776
16.670338
16.744942
16.696274
16.675140
16.646645
16.759029
16.649847
16.619108
16.730532
16.618149
16.847078
16.426039
16.703318
16.691471
17.005569
16.369366
16.618788
16.631596
16.705559
16.782722
16.710361
16.589333
16.673220
16.635757
16.662014
16.843878
16.589972
16.701715
16.598297
16.703638
16.689228
16.603741
16.858927
16.499041
16.830109
16.631275
16.560514
16.665215
16.873974
16.467342
16.763832
16.740137
16.545786
16.645683
16.856686
16.485592
16.722208
16.682505
16.611105
16.700115
16.749424
16.627113
16.657850
16.647285
16.792007
16.592533
16.711000
16.764153
16.540983
16.643122
16.727652
16.672258
16.733734
16.654970
16.573322
16.698195
16.916559
16.438206
16.831711
16.645044
16.620390
16.630955
16.684107
16.682505
16.729893
16.590612
16.734695
16.695633
16.597977
16.714523
16.720287
16.656891
16.649527
16.747183
16.939611
16.391138
16.711000
16.670017
16.698515
16.567240
16.789446
16.587410
16.702356
16.623911
16.849960
16.520172
16.642162
16.918159
16.559875
16.685066
16.578445
16.628393
16.778881
16.587090
16.754227
16.660732
16.601179
16.708441
16.657850
16.644403
16.783043
16.615908
16.689869
16.682505
17.097143
16.289000
16.727970
16.617188
16.617828
16.712603
16.631275
16.717085
16.768635
16.741739
16.468622
16.707159
16.904713
16.560196
16.808336
16.543865
16.546427
16.668417
16.701077
16.600218
16.858606
16.522734
16.727970
16.657530
16.619429
16.807697
16.665535
16.653368
16.617828
16.678984
16.717085
16.623911
16.751986
16.540665
16.661694
16.731493
16.662653
16.664894
16.682505
16.796169
16.761911
16.503843
16.636078
16.739819
16.805136
16.561796
16.631916
16.613346
16.690510
16.677702
16.721567
16.666496
16.655609
16.656250
16.759029
16.641842
17.006851
16.337988
16.733734
16.993723
16.302769
16.633837
16.752625
16.638319
16.602139
16.736937
16.694672
16.594135
16.818262
16.540024
16.737257
16.544827
16.654329
16.694672
16.799692
16.693071
16.586451
16.645044
16.660732
16.659452
16.766394
16.731173
16.553150
16.728611
16.832352
16.513769
16.644083
16.610144
16.678343
16.783684
16.681864
16.565638
16.777599
16.686987
16.538424
16.753586
16.652088
16.695953
16.641201
16.680584
16.678343
16.662653
16.677061
16.660091
16.734055
16.761591
16.622952
16.601818
16.701715
16.640560
16.697554
16.665535
16.858286
16.469904
16.673220
16.696274
16.774078
16.710361
16.886782
16.349194
16.747183
16.678984
16.629675
16.625834
16.725090
16.652409
16.620390
16.743660
16.775679
16.549309
16.692110
16.627113
16.694351
16.720608
16.662973
16.610464
16.944735
16.434042
16.682825
16.689228
16.839075
16.544827
16.698515
16.600538
16.747501
16.739498
16.754227
16.488794
16.743660
16.693712
16.623590
16.662334
16.797451
16.611423
16.596056
16.656570
16.801292
16.684746
16.626793
16.615908
16.636078
16.663294
16.773117
16.595095
16.889984
16.440126
16.772156
16.589651
16.737257
16.659132
16.646965
16.696592
16.617828
16.658812
16.728931
16.639280
16.820503
16.573002
16.655930
16.712603
16.646965
16.680584
16.739819
16.631916
16.660091
16.670017
16.643122
16.796810
16.620390
16.692110
16.593174
16.713562
16.683786
16.592854
16.931929
16.522734
16.808336
16.522093
16.698195
16.663294
16.734695
16.577166
16.781761
16.588371
16.641201
16.847719
16.706198
16.487833
16.602779
16.672899
16.778240
16.715805
16.630636
16.672579
16.804174
16.519852
16.680264
16.660091
16.869171
16.493597
16.615267
16.730532
16.611744
16.784643
16.662014
16.629354
16.691790
16.660091
16.650167
30.294773
4.024703
15.744369
16.639280
16.717726
16.670017
16.641521
16.884220
16.647924
16.646965
16.678343
16.587730
16.650806
16.755507
16.667456
16.663294
16.631275
16.751986
16.727331
16.649527
16.734055
16.680264
16.611744
18.885365
14.302263
16.918159
16.511208
16.625834
16.928085
16.455175
16.687628
16.759029
16.662014
16.574604
16.718685
16.698515
16.595736
16.747183
16.882299
16.636398
16.488474
16.648565
16.657530
16.778881
16.592533
16.723488
16.731173
16.531698
16.664255
16.820503
16.665215
16.585810
16.763191
16.540665
16.767994
16.669697
16.637039
16.646645
16.696913
16.619108
16.728291
16.738537
16.681545
16.591894
16.719326
16.663935
16.648565
16.860207
16.482071
16.742060
16.648245
16.671940
16.864368
16.543226
16.574284
16.661373
16.763191
16.630636
16.705238
16.725729
16.566919
16.738216
16.587730
16.817623
16.581648
16.816662
16.528498
16.716764
16.729572
16.759029
16.486553
16.866930
16.474066
16.687948
16.633516
16.744301
16.662014
16.666496
16.686987
16.788486
16.617508
16.626472
16.611105
16.827229
16.574604
16.632557
16.697554
16.672579
16.675461
16.742380
16.641521
16.602779
16.697233
16.747501
16.649527
16.847719
16.545467
16.619108
16.744621
16.629354
16.707800
16.741419
16.694031
16.578125
16.764153
16.593174
16.637360
16.705238
16.623590
16.909836
16.468943
16.669697
16.735016
16.628393
16.866930
16.615587
16.546427
16.651447
16.714203
16.655930
16.673220
16.639921
16.680264
16.643763
16.718046
16.745901
16.602139
16.697554
16.657530
16.673540
16.676743
16.718046
16.629034
16.666817
16.688589
16.687628
16.654650
16.815701
16.585169
16.751024
16.592854
16.823385
16.497759
16.740778
16.720926
16.620390
16.711962
16.564678
16.676102
16.735334
16.657850
16.642162
16.751665
16.657850
16.621990
16.776958
16.700115
16.791687
16.516331
16.688910
16.587410
16.865009
16.504164
16.706198
16.652088
16.720287
16.675781
16.851563
16.624872
16.489435
16.685707
16.751345
16.608223
16.709721
16.673540
16.658812
16.620710
16.706839
16.787525
16.610144
16.607903
16.737257
16.620070
16.679943
16.685066
16.685387
16.716444
16.612064
16.694351
16.657850
16.640242
16.720287
16.665215
16.727011
16.605982
16.742380
16.698833
16.654650
16.623911
16.750383
16.618788
16.702036
16.676422
16.705238
16.650167
16.624231
16.732775
16.777920
16.579727
16.807697
16.477589
16.773117
16.593174
16.700756
16.686987
16.693071
16.849321
16.526896
16.688269
16.677061
16.567240
16.775358
16.602139
16.621349
16.690189
17.488726
15.923031
16.686987
16.621990
16.729252
16.686668
16.638319
16.822105
16.583889
16.638639
16.682505
16.756147
16.621670
16.649527
16.805136
16.674501
16.478228
16.774397
16.720608
16.549309
16.767353
16.772156
16.515049
16.563717
16.858927
16.512808
16.811218
16.574604
16.672899
16.680584
16.662973
16.624552
16.863089
16.555712
16.745901
16.736616
16.674820
16.606941
16.646965
16.742699
16.572042
16.643763
16.708759
16.693712
16.659132
16.625513
16.820185
16.549309
16.694351
16.699795
16.788805
16.573643
16.633837
16.853163
16.498400
16.668417
16.717085
16.708759
16.657850
16.720287
16.596376
16.603420
16.762871
16.657211
16.608864
16.697874
16.721567
16.693392
16.687307
16.593494
16.648886
16.693071
16.714203
16.800333
16.613346
16.661694
16.627754
16.626152
16.739178
16.703957
16.710361
16.622631
16.734695
16.529778
16.694031
16.612705
16.780161
16.647285
16.688589
16.694992
16.649527
16.599897
16.759989
16.714523
16.642803
16.596056
16.855724
16.510567
16.729893
16.676422
16.657211
16.832031
16.447170
16.645683
16.880379
16.536180
16.703957
16.712603
16.638960
16.646004
16.858606
16.530098
16.667776
16.616547
16.668097
16.901190
16.502562
16.640560
16.675140
16.645683
16.746542
16.657211
16.669058
16.603420
16.733414
16.704597
16.684425
16.808018
16.771835
16.446209
16.653688
16.813139
16.534901
16.832991
16.567560
16.572681
16.655609
16.769594
16.592533
16.659452
16.740137
16.719326
16.646324
16.694351
16.600538
16.698195
16.724449
16.668417
16.671619
16.622952
16.712603
16.595736
16.868853
16.603420
16.711962
16.593494
16.732775
16.575884
16.809298
16.606941
16.681545
16.611423
16.678022
16.691471
16.743980
16.613985
16.657530
16.756147
16.593815
16.750383
16.689869
16.634157
16.727011
16.953060
16.280994
16.722849
16.771517
16.614946
16.599577
16.788805
16.608543
16.675140
16.841316
16.629995
16.521133
16.678984
16.743980
17.045593
16.318457
16.677702
16.598938
16.688589
16.719006
16.753586
16.585489
16.711321
16.559875
16.745901
16.597015
16.732454
16.691471
16.644083
16.686987
16.829790
16.462219
16.852842
16.610464
16.576525
16.754227
16.623272
16.754547
16.630955
16.687307
16.618469
16.653048
16.719326
16.648245
16.823065
16.567240
16.711641
16.613026
16.696592
16.695953
16.754547
16.665855
16.634798
16.624552
16.730532
16.582928
16.857325
16.664894
16.570761
16.661694
16.639921
16.694031
16.771517
16.552511
16.768955
16.688910
16.581327
16.773758
16.634478
16.632557
16.711321
16.575884
16.660732
16.731173
16.782082
16.538742
16.748142
16.593174
16.639280
16.694031
16.686348
16.784964
16.615908
16.634157
16.720608
16.614946
16.878458
16.561155
16.637039
16.647606
16.743019
16.573002
16.769274
16.619429
16.707479
16.662973
16.645044
16.676102
16.755186
16.618788
16.661373
16.993082
16.335106
16.713562
16.836193
16.588371
16.603741
16.651768
16.735334
16.594454
16.826908
16.627434
16.612385
16.653688
16.626472
16.717085
16.776320
16.626152
16.654329
16.660732
16.753906
16.681225
16.667137
16.598297
16.732454
16.599257
16.681545
16.664894
16.760630
16.591574
16.705559
16.683146
16.694672
16.650486
16.820503
16.564999
16.637039
16.650806
16.713562
16.664255
16.729893
16.634478
16.642162
16.677061
16.666817
16.670017
16.821144
16.540665
16.689869
16.638639
16.803854
16.541945
16.772476
16.716124
16.698515
16.505764
16.738857
16.667456
16.783043
16.662973
16.688589
16.507685
16.633516
16.692430
16.715805
16.584209
16.720608
16.682825
16.671299
16.691790
16.740137
16.591253
16.727011
16.790087
16.498400
16.731173
16.778561
16.637039
16.719006
16.586771
16.637360
16.703957
16.831070
16.493597
16.687628
16.641521
16.662653
16.692110
16.812500
16.599577
16.622952
16.632236
16.723808
16.784002
16.709080
16.564999
16.665535
16.666176
16.724770
16.621670
16.739819
16.713243
16.605021
16.829149
16.611423
16.711962
16.739498
18.680449
14.396717
16.658171
16.737257
16.819864
16.644724
16.556993
16.664255
16.765432
16.551550
16.647285
16.786564
16.681545
16.696274
16.626152
16.723488
16.812820
16.765432
16.551870
16.504803
16.683786
16.639921
16.664894
16.748142
16.629354
16.729252
16.745581
16.553471
16.638639
16.721888
16.599257
16.937691
16.494877
16.608223
16.714203
16.858606
16.504482
16.671619
16.607903
16.768314
16.606621
16.685387
16.619749
16.761591
16.615908
16.674820
16.749424
16.719967
16.529778
16.720926
16.709080
16.611423
16.709080
16.740458
16.611423
16.681864
16.587090
16.722849
16.694672
16.738216
16.610144
16.692751
16.591894
16.676743
16.667456
16.851881
16.738216
16.530418
16.589651
16.707800
16.630636
16.715805
16.729252
16.659132
16.724129
16.579407
16.674501
16.723488
16.670017
16.631275
16.672579
16.766394
16.665215
16.678984
16.840355
16.447170
16.718365
16.593174
16.734055
16.650806
16.682184
16.724129
16.687628
16.581968
16.699795
16.695953
16.598618
16.702036
16.686348
16.623590
16.785925
16.788166
16.515690
16.708759
16.685707
16.696592
16.682184
16.714203
16.657850
16.694031
16.742699
16.601500
16.629034
16.668097
16.688910
16.760630
16.619749
16.670979
16.634798
16.875256
16.467983
16.774397
16.560196
16.693712
16.752625
16.636719
16.583248
16.776638
16.649847
16.658491
16.715164
16.788486
16.486553
16.722849
16.624872
16.684107
16.731173
16.646324
16.703957
16.711321
16.581327
16.650167
16.745581
16.657530
16.706839
16.774078
16.581648
16.667137
16.831390
16.531698
16.871733
16.487194
16.647606
16.663935
16.644724
16.743019
16.617828
16.708759
16.667776
16.711962
16.623590
16.798412
16.564678
16.718685
16.740458
16.597015
16.705238
16.630316
16.702997
16.639280
16.678022
16.642483
16.706198
16.689228
16.619429
16.700115
16.622311
16.676743
16.723167
16.775679
16.639280
16.735655
16.547068
16.697554
16.669378
17.033106
16.343111
16.687307
16.630316
16.763512
16.634478
16.803215
16.683466
16.723488
16.506405
16.639601
16.688589
16.711962
16.642483
16.653368
16.654329
16.649527
16.681225
16.787525
16.568520
16.681545
16.746222
16.718046
16.573643
16.730852
16.611105
16.747822
16.657211
16.625834
16.695313
16.783684
16.571402
16.708759
16.638319
16.688910
16.620390
16.811218
16.620710
16.635439
16.644724
16.704597
16.703638
16.723167
16.615587
16.658491
16.648565
16.689228
16.707479
16.844837
16.505123
16.691471
16.626472
16.694351
16.693071
16.682825
16.682505
16.702036
16.588371
16.776320
16.562437
16.824026
16.537142
16.683466
16.618469
16.814421
16.649527
16.800013
16.503523
16.729252
16.590933
16.782082
16.800653
16.582928
16.580687
16.613667
16.661694
16.669697
16.670017
16.718685
16.638639
16.675140
16.670017
16.712282
16.625834
16.789446
16.627434
16.729572
16.728611
16.505123
16.679623
16.853804
16.691151
16.599257
16.655289
16.710361
16.580046
16.873655
16.499361
16.647924
17.005249
16.416754
16.808657
16.589012
16.501282
16.754227
16.654650
16.682505
16.807056
16.622631
16.622952
16.683786
16.689548
16.578125
16.663294
16.828188
16.695633
16.624552
16.619429
16.629995
16.719967
16.706518
16.757427
16.507044
16.784964
16.691471
16.617188
16.683146
16.612705
16.676102
16.695953
16.688910
16.681545
16.773117
16.734375
16.455816
16.690189
16.646004
16.671940
16.878138
16.585810
16.584530
16.685387
16.715805
16.638000
16.659773
16.814100
16.682825
16.562117
16.678022
16.655930
16.763191
16.588692
16.656250
16.687307
16.645044
16.745581
16.691790
16.632877
16.711000
16.624872
16.850922
16.533939
16.734375
16.588051
16.627113
16.723488
16.723167
16.691471
16.714844
16.656250
16.568840
16.742699
16.687948
16.661373
16.755507
16.624552
16.618469
16.667456
16.645683
16.757109
16.713882
16.594135
16.678984
16.623272
16.769915
16.638960
16.984118
16.415792
16.647924
16.662334
16.667776
16.720287
16.689228
16.841316
16.550909
16.613985
16.708759
16.645044
16.734055
16.740458
16.556673
16.678663
16.672579
16.643442
16.727652
16.738216
16.619108
16.645044
16.685066
16.611423
16.882299
16.547068
16.585810
16.707159
16.666176
16.697874
16.724129
16.830750
16.436604
16.792328
16.588051
16.707159
16.679623
16.758068
16.574604
16.630636
16.709080
16.675781
16.690189
16.715805
16.662014
16.601500
16.733414
16.660732
16.740137
16.770876
16.604700
16.630955
16.613026
16.722528
16.749104
16.581648
16.646004
17.044312
16.362001
16.673861
16.742699
16.703638
16.610464
16.624872
16.794889
16.554111
16.855083
16.500641
16.761911
16.582287
16.806736
16.600218
17.196720
16.194225
16.577166
16.632557
16.666496
16.647606
16.722849
16.608864
16.763832
16.649206
16.692751
16.618149
16.968748
16.443649
16.675781
16.697233
16.627434
16.665215
16.781122
16.755186
16.539383
16.629354
16.682184
16.664576
16.758389
16.660091
16.985718
16.258263
16.724449
16.731173
16.764153
16.654009
16.598618
16.582928
16.666817
16.718365
16.703638
16.780481
16.590292
16.642483
16.622631
16.913677
16.637360
17.049755
16.154524
16.739178
16.624231
16.646645
16.855724
16.484953
16.695953
16.605982
16.723167
16.698195
16.949217
16.555073
16.510887
16.670658
16.731813
16.703318
16.678984
16.679623
16.660732
16.587090
16.725410
16.710361
16.654009
16.647606
16.688589
16.638000
16.683466
16.667776
16.954660
16.540983
16.771517
16.489115
16.617828
16.752625
16.843237
16.443968
16.722208
16.694031
16.851242
16.496479
16.773117
16.608543
16.633198
16.863089
16.475986
16.769594
16.613346
16.686348
16.572363
16.729893
16.701715
16.579407
16.790087
16.629354
16.817623
16.486553
16.747501
16.585489
16.776320
16.636398
16.616867
16.698195
16.722528
16.593815
16.846439
16.609503
16.579727
16.654329
16.820503
16.562757
16.723808
16.711641
16.625513
16.700436
16.622311
16.723488
16.699154
16.712603
16.563076
16.690189
16.674820
16.695953
16.764791
16.577484
16.843557
16.490715
16.746542
16.604380
16.738537
16.754547
16.571722
16.658491
16.670658
16.778881
16.688910
16.766394
16.508646
16.614626
16.768314
16.586451
16.772156
16.681864
16.603741
16.678022
16.627434
16.790087
16.762230
16.651447
16.686348
16.703638
16.747183
16.589012
16.632236
19.103731
14.059565
16.687307
16.664255
16.669378
16.768635
16.624231
16.678343
16.662334
16.639921
16.686668
16.744942
16.634157
16.725410
16.675140
16.693392
16.641201
16.822426
16.541624
16.690830
16.571081
16.683146
16.661053
16.811859
16.635757
16.672899
16.644083
16.698515
16.631275
16.738216
16.629034
16.671619
16.664255
16.777920
17.010052
16.311413
16.650167
16.799051
16.511847
16.711641
16.730852
16.663294
16.828508
16.591574
16.492956
16.881659
16.561796
16.817623
16.470224
16.689869
16.629034
16.810898
16.678022
16.632557
16.629675
16.656250
16.826267
16.484632
16.689228
16.735975
16.621670
16.676102
16.839396
16.483030
16.676743
16.736296
16.625834
16.715164
16.654329
16.655930
16.688589
16.733093
16.610785
16.660091
16.860207
16.670979
16.490074
16.844519
16.540344
16.645683
16.704277
16.654009
16.641842
16.775999
16.627754
16.645044
16.749104
16.663294
16.653368
16.648245
16.829470
16.565958
16.615908
16.719326
16.659132
16.711641
16.647924
16.609182
16.682825
16.701395
16.629995
16.711321
16.850922
16.596056
16.575243
16.852842
16.508646
16.739498
16.678663
16.650486
16.775679
16.560196
16.766073
16.728931
16.628714
16.607903
16.690830
16.751986
16.581007
16.729252
16.664894
16.572363
16.676102
16.666817
16.772476
16.632877
16.645044
16.709721
16.655609
16.714523
16.673540
17.663866
15.638708
16.705559
16.621031
16.749104
16.624872
16.708759
16.646645
16.731813
16.637680
16.677702
16.734055
16.726690
16.637360
16.635439
16.906954
16.448132
16.597336
16.803534
16.637039
16.607582
16.705879
16.644403
16.646004
16.841957
16.639280
16.547388
16.664894
16.648886
16.739498
16.878138
16.534580
16.710041
16.576204
16.688589
16.715485
16.764791
16.564358
16.646004
16.651127
16.774397
16.703957
16.715805
16.563396
16.652409
16.679304
16.645683
16.695633
16.718685
16.725090
16.557314
16.695633
16.740458
16.580046
16.795530
16.573643
16.794249
16.617188
16.603420
16.770235
16.623272
16.642803
16.716764
16.622952
16.841957
16.600859
16.667776
16.644724
16.640881
16.692751
16.598618
16.748463
16.654650
16.749424
16.598618
16.675461
16.648565
16.713882
16.723488
16.645683
16.665535
16.645683
16.669697
16.648245
16.797451
16.604061
16.677702
16.804815
16.570120
16.640242
16.859566
16.523054
16.635439
16.723808
16.729893
16.572363
16.773117
16.619429
16.665215
16.699474
16.666817
16.702356
16.674181
16.718046
16.536821
16.808657
16.670017
16.647924
16.665855
16.800972
16.536180
16.623911
16.847719
16.514090
16.694672
16.727652
16.589651
16.686987
16.764153
16.603100
16.831711
16.552832
16.687628
16.624872
16.674501
16.508005
16.685066
16.707479
16.619749
16.642803
16.711962
16.640242
16.726690
16.665535
16.622952
16.667776
16.703957
16.731813
16.677702
16.682505
16.698833
16.580046
16.829149
16.559235
16.728291
16.642803
16.619429
16.654329
16.734695
16.702997
16.753906
16.601500
16.631916
16.629995
16.787846
16.653368
16.843237
16.464140
16.703957
16.670979
16.694351
16.840355
16.609503
16.652727
16.560196
16.656250
16.710361
16.664894
16.779520
16.676422
16.584848
16.614946
16.768955
16.613346
16.731813
16.657530
16.652409
16.680264
16.620070
16.722528
16.683786
16.625834
16.676422
16.730852
16.694992
16.596056
16.697554
16.732454
16.656891
16.754227
16.553791
16.701715
16.701395
16.778881
16.535542
16.736296
16.664255
16.588692
16.814421
16.582928
16.643122
16.637680
16.762871
16.612064
16.702356
16.677702
16.737896
16.559235
16.737577
16.624872
16.735016
16.647606
16.670658
16.725090
16.759029
16.565958
16.710041
17.109949
16.238411
16.678022
16.691790
16.740137
16.621670
16.644083
16.714844
16.588051
16.840996
16.531059
16.778881
16.598938
16.640560
17.192877
16.183661
16.624872
16.700115
16.692751
16.641842
16.685387
16.711000
16.606941
16.785604
16.586771
16.785604
16.602459
16.725729
16.567240
16.821465
16.689228
16.721888
16.459978
16.778881
16.648245
16.702677
16.679623
16.566599
16.758389
16.584530
16.724449
16.783043
16.610144
16.732134
16.597336
16.629995
16.662014
16.736616
16.650806
16.610464
16.734695
16.673220
16.604061
16.895107
16.578766
16.698515
16.631275
16.751986
16.631275
16.634478
16.621990
16.710041
16.773117
16.603741
16.701715
16.626793
16.668417
16.637680
16.666496
16.691151
16.666496
16.783684
16.691790
16.682505
16.555712
16.738216
16.905672
16.566278
16.538742
16.690510
16.645683
16.655609
16.699474
16.698833
16.642483
16.624872
16.767353
16.963306
16.389538
16.898949
16.523695
16.583889
16.659773
16.677061
16.664255
16.727970
16.623590
16.665855
16.757427
16.553791
16.784002
16.877497
16.598618
16.551870
16.677061
16.617188
16.762550
16.646965
16.608223
16.701395
16.665215
16.646004
16.776958
16.675461
16.629675
16.646965
16.716124
16.722849
16.636719
16.671299
16.685387
16.639280
16.663935
16.758389
16.708759
16.579086
16.702997
16.696274
16.589651
16.728611
16.735975
16.712603
16.577484
16.658491
16.776320
16.663614
16.683786
16.532980
16.784964
16.633837
16.641201
16.767673
16.595415
16.609503
16.789125
16.642162
16.637360
16.790087
16.785925
16.535221
16.702997
16.576525
16.743340
16.610144
16.751345
16.678022
16.604700
16.664576
16.700756
16.662014
16.677382
16.672258
16.759350
16.570120
16.721567
16.671619
16.766394
16.559235
16.650167
16.753906
16.619429
16.629354
16.753906
17.315508
16.058468
16.636719
16.655289
16.690830
16.759350
16.607582
16.620070
16.841637
16.557314
16.733734
16.696274
16.677061
16.617828
16.685707
16.608223
16.615267
16.747183
16.620710
16.771517
16.540983
16.818262
16.855083
16.490395
16.549309
16.720287
16.678022
16.751345
16.620070
16.687307
16.619429
16.801933
16.583889
16.750063
16.556993
16.703318
16.590933
16.784323
16.594135
16.658171
16.689869
16.708441
16.656891
16.632236
16.682505
16.730532
16.638639
16.693071
16.664255
16.687628
16.738537
16.570761
16.678663
16.705238
16.682505
16.644083
16.700756
16.639280
16.759668
16.695953
16.572681
16.725729
16.685707
16.624231
16.740778
16.735334
16.590933
16.746542
16.611744
16.635757
16.873014
16.677382
16.716124
16.631275
16.764153
18.926350
14.148575
16.702356
16.646004
16.750383
16.602779
16.802574
16.550591
16.694672
16.689548
16.644724
16.645683
16.799692
16.556993
16.746222
16.692430
16.720287
16.663294
16.716764
16.544506
16.806095
16.615267
16.642162
16.601818
16.708441
16.660412
16.779520
16.647606
16.667137
16.618149
16.711962
16.679943
16.685707
16.824667
16.617188
16.546747
16.749424
16.649847
16.678984
16.655289
16.654650
16.672258
16.653048
16.729252
16.640560
16.675140
16.618788
16.735975
16.684107
16.710041
16.719006
16.548668
16.783043
16.606941
16.674501
16.680584
16.738857
16.592533
16.700756
16.678984
16.840355
16.561476
16.795530
16.501923
16.674820
16.709400
16.643763
16.806416
16.653688
16.511528
16.884861
16.447811
16.666817
16.697233
16.754547
16.590612
16.729572
16.790407
16.592854
16.606941
16.784323
16.548347
16.715485
16.705559
17.075371
16.328703
16.631916
16.667456
16.593494
16.824667
16.581968
16.631596
16.840355
16.559875
16.716444
16.761271
16.643122
16.563076
16.837473
16.532660
16.630636
16.853804
16.648565
16.578125
16.876215
16.431482
16.772476
16.591574
16.673861
16.722528
16.798092
16.557314
16.641842
16.648245
16.834272
16.553791
16.845478
16.472786
16.861488
16.481430
16.678343
16.796490
16.616547
16.625193
16.689869
16.606302
16.789446
16.642162
16.659452
16.710361
16.743019
16.646645
16.636398
16.592213
16.776320
16.664576
16.728931
16.550909
16.685387
16.723808
16.766073
16.584848
16.774078
16.552511
16.654650
16.643763
16.816341
16.575884
16.744942
16.633198
16.641842
16.646965
16.825306
16.708441
16.576525
16.635118
16.845158
16.500000
16.746222
16.669058
16.759989
16.518892
16.740778
16.645683
16.699795
16.752625
16.573002
16.683466
16.693712
16.649527
16.740778
17.271002
16.152281
16.500320
16.719967
16.724449
16.710682
16.559875
16.686348
16.758709
16.588371
16.920401
16.530739
16.749744
16.546747
16.644083
16.636719
16.832031
16.555393
16.662973
16.714523
16.675461
16.582928
16.736616
16.714203
16.651127
16.648245
16.666496
16.706518
16.776638
16.592533
16.601179
16.750704
16.583248
16.743980
16.726049
16.621349
16.727970
16.785925
16.516970
16.688910
16.629675
16.760309
16.647285
16.707800
16.668737
16.741098
16.570761
16.802895
16.529137
16.801933
16.556353
16.669697
16.667137
16.759029
16.597656
16.753586
16.553471
16.814100
16.642162
16.644724
16.645365
16.719006
16.605341
16.691471
16.705238
16.646965
16.979315
16.515369
16.476948
16.851242
16.507685
16.826267
16.974512
16.422195
16.468943
16.718685
16.664894
16.755827
16.764153
16.607903
16.547068
16.682505
16.676743
16.821465
16.615908
16.642483
16.688269
16.808018
16.461578
16.743019
16.583889
16.686668
16.644403
16.646004
16.742699
16.831711
16.519852
16.653688
16.684425
16.711962
16.678343
16.650486
16.816021
16.703957
16.573963
16.582928
16.787525
16.701715
16.755507
16.512167
16.621990
16.872053
16.569481
16.726690
16.532019
16.756788
16.850281
16.481110
16.672579
16.882299
16.469904
16.661694
16.621349
16.673540
16.801933
16.692751
16.573963
16.651447
16.690510
16.608223
16.660091
16.743019
16.745581
16.703318
16.562437
16.650167
16.661053
16.749424
16.616226
16.743660
16.635118
16.683466
16.680904
16.683146
16.612064
16.737257
16.643763
16.705879
16.841957
16.539703
16.942173
16.501282
16.719967
16.710682
16.493597
16.653688
16.661373
16.623911
16.777599
16.732454
16.735016
16.650806
16.664255
16.529778
16.638319
16.905352
16.568199
16.613985
16.838114
16.495518
16.700115
16.775679
16.687628
16.553471
16.709400
16.934488
16.354958
16.744621
16.658812
16.694992
16.748142
16.552191
16.673540
16.655930
16.743980
16.677702
16.631916
16.707479
16.563076
16.774397
16.726370
16.622631
16.776638
16.506725
16.704277
16.713562
16.649527
16.734695
16.699154
16.589651
16.669058
16.646965
16.660091
16.756468
16.750704
16.556673
16.735975
16.732134
16.539063
16.818903
16.741739
16.576525
16.598297
16.633837
16.764791
16.691151
16.665535
16.616547
16.687948
16.704918
16.655609
16.654329
16.955942
16.416113
16.864689
16.482071
16.680904
16.754227
16.634478
16.671940
16.738216
16.605021
16.646965
16.645044
16.788486
16.792007
16.454855
16.809298
16.538742
16.769594
16.611744
16.679304
16.734695
16.609823
16.707159
16.719646
16.736937
16.524975
16.657530
16.718046
16.663294
16.800013
16.553791
16.718046
16.573002
16.717085
16.660091
16.778240
16.571081
16.739498
16.644403
16.662014
16.629034
16.771196
16.836193
16.455816
16.652409
16.821144
16.601500
16.694992
16.585489
16.669058
16.719967
16.693071
16.770876
16.659773
16.618788
16.739498
16.531698
16.654970
16.694672
16.744301
16.604700
16.718365
16.687307
16.604700
16.674501
16.774397
16.621990
16.727970
16.635757
16.673861
16.647606
16.861488
16.509287
16.637039
16.726049
16.644403
16.653368
16.762871
16.735655
16.727011
16.622631
16.559555
16.741419
16.628075
16.667776
16.690510
16.568199
16.655609
16.667776
16.719006
16.736296
16.587090
16.765753
16.644083
16.611105
16.767353
16.770876
16.526257
16.680904
16.725410
16.670979
16.771835
16.496799
16.670658
16.731813
16.690830
16.623911
16.773117
16.617508
16.628393
16.706839
16.654970
16.687948
16.668737
16.646645
16.689869
16.677061
16.637680
16.763832
16.687948
16.602459
16.672579
16.729572
16.677061
16.654650
16.656891
16.903431
16.411951
16.657850
16.709400
16.707159
16.737577
16.575563
16.667776
16.667456
16.706198
16.653688
16.756788
16.603741
16.728931
16.641842
16.634798
16.743340
16.776320
16.649527
16.630636
16.691790
16.549950
16.840034
16.742380
16.517290
16.858927
16.477907
16.627434
16.681864
16.681225
16.644724
16.694672
16.688269
16.661694
16.722528
16.720926
16.608864
16.755507
16.605341
16.678984
16.836834
16.526575
16.670979
16.654970
16.658171
16.719326
16.603100
16.795210
16.609182
16.725729
16.638000
16.641201
16.674181
16.759668
16.605341
16.675140
16.621990
16.706839
16.615267
16.809618
16.583248
16.768955
16.662653
16.649847
16.641842
16.718685
16.717405
16.577166
16.655930
16.754547
16.657211
16.771835
16.595736
16.686668
16.647285
16.650167
16.879417
16.747822
16.532339
16.675781
16.590292
18.836699
14.375586
16.774397
16.679943
16.849321
16.529778
16.606941
16.664576
16.717405
16.718046
16.665535
16.652409
16.638319
16.646004
16.701715
16.664576
16.712923
16.776638
16.874615
16.381212
16.637680
16.929367
16.404587
16.617508
16.772476
16.607262
16.829470
16.622952
16.588051
16.649527
16.727331
16.665215
16.684425
16.703957
16.664576
16.610785
16.681545
16.770555
16.675140
16.702036
16.597656
16.653688
16.646645
16.785604
16.665855
16.654329
16.643763
16.718685
16.872694
16.426998
16.780161
16.573002
16.672899
16.691790
16.685387
16.779520
16.571402
16.616867
16.692110
16.653688
16.776638
16.563076
16.900549
16.559235
16.630316
16.719646
16.581327
16.653688
16.728291
16.640560
16.876215
16.495197
16.639921
16.857965
16.721567
16.489435
16.684107
17.193197
16.235529
16.592854
16.786564
16.517931
16.675461
16.688910
16.759989
16.631275
16.688910
16.607582
16.709721
16.765432
16.590933
16.752945
16.617188
16.688269
16.590292
16.743019
16.716124
16.600538
16.749424
16.621349
16.650486
16.746222
16.667456
16.670658
16.755827
17.627686
15.639989
16.685387
16.677382
16.614946
16.756468
16.608864
16.760950
16.556673
17.008772
16.417072
16.674501
16.619108
16.677382
16.673540
16.690830
16.633198
16.776958
16.702036
16.564037
16.679304
16.732454
16.587730
16.750063
16.665855
16.756788
16.604700
16.723167
16.621670
16.750383
16.585169
16.803215
16.506084
17.250830
16.150040
16.803215
16.542906
16.628393
16.733734
16.668737
16.611423
16.756468
16.683146
16.786245
16.607582
16.595095
16.697233
17.170784
16.208954
16.716444
16.601179
16.644403
16.651768
16.768955
16.676422
16.598297
16.686028
16.672258
16.759350
16.660412
16.695313
16.639280
16.671299
16.698833
16.736296
16.623911
16.588371
16.657211
16.848360
16.561796
16.693392
16.814741
16.587410
16.607903
16.706839
16.607262
16.730213
16.678984
16.727011
16.583889
16.803215
16.689869
16.683146
16.599577
16.674820
16.691151
16.620710
16.768635
16.621670
16.697874
16.604380
16.751345
16.578125
16.719967
16.615587
16.837473
16.547388
16.641521
16.670658
16.740137
16.659773
16.769594
16.616867
17.758001
15.572750
16.694992
16.651127
16.710361
16.722849
16.581648
16.686028
16.821144
16.514090
16.861168
16.489115
16.701395
16.636078
16.679304
16.829790
16.651768
16.648886
16.631275
16.635439
16.678984
16.639280
16.727652
16.588371
16.702036
16.653368
16.670979
16.797771
16.758389
16.538103
16.629354
16.681225
16.727011
16.673540
16.663935
16.637039
16.653048
16.681225
16.695633
16.644403
16.791687
16.745901
16.580366
16.580046
16.815062
16.644403
16.629034
16.572363
16.776958
16.666496
16.723167
16.693712
16.709080
16.621349
16.603100
16.656250
16.679943
16.656570
16.780802
16.608864
16.718046
16.808018
16.532339
16.653368
16.706839
16.748783
16.600538
16.617188
16.727652
16.589972
16.752304
16.733734
16.561476
16.689228
16.701077
16.630316
16.742060
16.594774
16.776638
16.596376
16.666176
16.697233
16.676743
16.650806
16.628393
16.728611
16.738857
16.639280
16.703957
16.635757
16.681545
16.616226
16.752945
16.647285
16.660412
16.815062
16.562117
16.643122
16.695633
16.669058
16.837154
16.583569
16.709721
17.122757
16.107777
16.675781
16.767353
16.711321
16.719646
16.664255
16.527216
16.687628
16.697233
16.648886
16.697233
16.686668
16.625513
16.647924
16.715805
16.660412
16.687628
16.634798
16.736296
16.632877
16.728931
16.672579
16.625513
16.772156
17.520103
15.825695
16.750704
16.525295
16.659773
16.718365
16.817942
16.556673
16.829470
16.491676
16.688589
16.774078
16.585489
16.672579
16.766394
16.542265
16.655609
16.801933
16.675140
16.682184
16.594454
16.642162
16.659452
16.665535
16.687948
16.658812
16.771835
16.629354
16.668097
16.633516
16.711000
16.651447
16.791048
16.594135
16.703638
16.671299
16.635439
16.679943
16.842596
16.624231
16.574284
16.720287
16.727011
16.625513
16.910156
16.425718
16.716764
16.660091
16.611744
16.717085
16.785925
16.529137
16.687948
16.666176
16.820185
16.488794
16.853483
16.701715
16.669058
16.590933
16.622311
16.647285
16.731173
16.649206
16.695633
16.616547
16.686348
16.642483
16.746222
16.702677
16.595415
16.656250
17.533552
16.523375
16.101372
16.654009
16.612705
16.720608
16.627434
16.922962
16.487194
16.677061
16.680264
16.658491
16.665215
16.679623
16.811218
16.637360
16.658812
16.563717
16.680264
16.676102
16.859566
16.480150
16.696274
16.882299
16.600859
16.554752
16.791687
16.586130
16.684425
16.737257
16.707479
16.615908
16.815701
16.499361
16.704277
16.640560
16.676102
16.685066
16.812500
16.618149
16.594774
16.637039
16.646965
16.768955
16.583248
16.771517
16.730532
16.514729
16.675781
16.749744
16.606302
16.685707
16.661053
16.725090
16.640560
16.753906
16.612385
16.702677
16.659452
16.647606
16.809618
16.608864
16.670338
16.706198
16.682184
16.656570
16.708759
16.790087
16.516649
16.670979
16.737257
16.584530
16.678663
16.814100
16.521772
16.696913
16.677382
16.664255
16.664894
16.831711
16.569481
16.641201
16.670338
16.651768
16.706198
16.698833
16.686987
16.740778
16.560835
16.847399
16.467663
16.746222
16.611423
16.654009
16.632557
16.721888
16.658491
16.738537
16.582607
16.748463
16.633837
16.822105
16.557953
16.786245
16.687628
16.582928
16.634157
16.832991
16.600859
16.647606
16.639280
16.668737
16.646324
16.643763
16.741419
16.879097
16.420595
16.762550
16.799372
16.527216
16.720608
16.685066
16.719006
16.531698
16.741739
16.625513
16.718685
16.702036
16.625834
16.679304
16.701395
16.639280
16.639601
16.778881
16.719646
16.659773
16.584848
16.654009
16.736937
16.699795
16.585169
16.722208
16.622311
16.730213
16.635439
17.011654
16.465101
16.550909
16.641842
16.713882
16.671299
16.692110
16.703638
16.701715
16.552832
16.862768
16.704597
16.611423
16.629354
17.272282
16.017164
16.666176
16.661053
16.841957
16.573963
16.786564
16.717405
16.520493
16.654970
16.795851
16.540983
16.769594
16.613985
16.620390
16.714523
16.686668
16.646645
16.664576
16.743980
16.586771
16.713882
16.697233
16.781441
16.595095
16.696913
16.613346
16.669058
16.706839
16.611423
16.711000
16.802254
16.802895
16.535542
16.612064
18.672443
14.595871
16.623911
16.645044
16.725090
16.713562
16.597336
16.787205
16.577805
16.623272
16.743980
16.747501
16.544186
16.732454
16.603741
16.689228
16.792007
16.621031
16.699795
16.656891
16.685387
16.718365
16.670338
16.720926
16.631916
16.560514
16.705238
16.892866
16.455816
16.730852
16.772156
16.547388
16.729893
16.574604
16.734375
16.739178
16.658171
16.584848
16.670979
16.645365
16.634157
16.751024
16.616226
16.785604
16.637680
16.641521
16.720287
16.783363
16.556032
16.689228
16.597977
16.713562
16.770235
16.609503
16.667776
16.736937
16.630636
16.717726
16.618149
16.768635
16.539703
16.700756
16.599897
16.760950
16.662973
16.848040
16.538103
16.676422
16.693392
16.663935
16.617828
16.937370
16.430201
16.718046
16.613985
16.767994
16.653688
16.713882
16.654329
16.649847
16.634157
16.778240
16.623590
16.946016
16.418354
16.724770
16.573002
16.690830
16.729572
16.704597
16.669058
16.727652
16.590612
16.633198
16.667137
16.778561
16.565958
16.679943
16.657850
16.750383
16.690830
16.645365
16.683146
16.670658
16.709721
16.593815
16.843878
16.657530
16.646645
16.612064
17.152214
16.198069
16.662014
16.721247
16.603741
16.727331
16.702356
16.587410
16.640242
16.780481
16.576525
16.726049
16.727970
16.587090
17.452545
15.949926
16.795530
16.537783
16.619749
16.669697
16.689869
16.783363
16.633516
16.702036
16.610144
16.705879
16.685707
16.641201
16.646324
16.825626
16.495838
16.657850
16.681864
16.698195
16.641201
16.716444
16.672899
16.660091
16.644724
16.759668
16.597656
16.748783
16.658491
16.653048
16.684746
16.745901
16.582287
16.675461
16.691790
16.707800
16.645365
16.730213
16.617828
16.656570
16.672579
16.695953
16.817942
16.681864
16.641201
16.810259
16.507364
16.639921
16.631275
16.744621
16.664576
16.574284
16.695953
16.678022
16.710361
16.806095
16.509287
16.695313
16.875256
16.522413
16.698195
16.807377
16.585169
16.540344
16.722208
16.621670
16.742380
16.799692
16.541304
16.629675
16.674181
16.716764
16.693712
16.665215
16.665215
16.659452
16.664255
16.638000
16.708759
16.692110
16.625193
16.725090
16.657530
16.691151
16.708759
16.648886
16.635118
16.942173
16.433083
16.717085
16.650167
16.762550
16.597977
16.682505
16.649206
16.788805
16.564678
16.691790
16.618469
16.670017
16.683786
16.672899
16.718046
16.770555
16.533939
16.712923
16.697874
16.634478
16.775038
16.856686
16.401705
16.711000
16.709080
16.601500
16.655930
16.819864
16.526896
16.776320
16.592533
16.665855
16.689869
16.774397
16.560196
16.688589
16.645683
16.655609
16.733734
16.793928
16.643763
16.620070
16.695953
16.777599
16.510887
16.831070
16.724129
16.442368
16.716444
16.790407
16.548029
16.681864
16.647924
16.712282
16.699795
16.649527
16.716764
16.803534
17.298218
15.919828
16.695313
16.601500
16.768635
16.778240
16.512808
16.690510
16.739498
16.597015
16.684746
16.830750
16.617188
16.809618
16.425718
16.730852
16.713562
16.768314
16.641521
16.519211
16.673540
16.770235
16.573643
16.689548
16.938332
16.415152
16.712923
16.601818
16.712282
16.633198
16.829470
16.549629
16.687307
16.640560
16.608864
16.826588
16.818583
16.396582
16.684107
16.666496
16.714844
16.780802
16.656250
16.567879
16.705879
16.844519
16.486553
16.810898
16.546106
16.649527
16.769915
16.578766
16.723808
16.649206
16.711962
16.607903
16.654329
16.752945
16.646965
16.653688
16.784323
16.735655
16.563076
16.694672
16.591574
16.841957
16.557314
16.650486
16.745901
16.834911
16.501282
16.768314
16.581968
16.590612
16.704918
16.677382
16.789446
16.678663
16.606302
16.597977
16.694031
16.711321
16.757748
16.627434
16.680904
16.622311
16.695953
16.693392
16.650167
16.662973
16.781441
16.585169
16.618149
16.642803
16.788805
16.661053
16.635118
16.655930
16.724770
16.642483
16.690830
16.726049
16.601179
16.701395
16.806736
16.749424
16.455496
16.746542
16.697233
16.629034
16.670979
16.658812
16.615267
16.775038
16.712603
16.675140
16.670017
16.592213
16.629995
16.763512
16.662973
16.706839
16.701715
16.611744
16.676743
16.814421
16.709721
16.603100
16.665855
16.609823
16.569481
16.944096
16.502882
16.620070
16.692430
16.727970
16.646324
16.826267
16.576525
16.642803
16.612385
16.687948
16.740778
16.666496
16.762550
16.660732
16.629675
16.645683
16.636398
16.688589
16.743660
16.581327
16.652409
16.738537
16.587090
16.826908
16.570120
16.765753
16.596376
16.710041
16.668417
16.735975
16.679623
16.648245
16.647285
16.685707
16.594774
16.701077
16.708441
16.672899
16.618149
16.671619
16.772797
16.708759
16.561796
16.670658
16.679304
16.800333
16.640560
16.848360
16.650167
16.533939
16.620390
16.634478
16.725410
16.687307
16.604061
16.677702
16.679623
16.674501
16.685066
16.722208
16.640242
16.627113
16.724129
16.728291
16.634478
16.705879
16.800972
16.525295
16.658171
16.669058
16.702036
16.710041
16.686987
16.606302
16.711641
16.623590
16.711000
16.670979
16.617508
16.668737
16.729572
16.698515
16.634478
16.858606
16.550270
16.646324
16.757427
16.597656
16.666496
16.784323
16.579727
16.681225
16.601179
16.743340
16.811218
16.520813
16.698515
16.646004
16.660412
16.629675
16.677382
16.766394
16.663935
16.556993
16.747183
16.644403
16.724449
16.653048
16.623911
16.745581
16.592213
16.750063
16.642162
16.707479
16.640560
16.672899
16.721247
16.678343
16.621670
16.821465
16.638319
16.674501
16.673861
16.580046
16.749744
16.722849
16.597336
16.653688
16.668417
16.634157
16.749744
16.715485
16.706518
16.622311
16.628075
16.671619
16.797131
16.605661
16.662653
16.620070
16.736296
16.667456
16.592854
16.757748
16.772797
16.582928
16.688269
16.655609
16.690189
16.711641
16.615587
16.626152
16.743340
16.592854
16.749424
16.791367
16.541304
16.773758
16.520813
16.903751
16.524654
16.868853
16.544827
16.575243
16.720926
16.677061
16.639280
16.839396
16.580046
16.602779
16.872053
16.626472
16.847399
16.419315
16.646324
16.573002
16.788166
16.638960
16.647924
16.787205
16.613026
16.679623
16.601179
16.705559
16.690830
16.766073
16.741098
16.559555
16.599577
16.693392
16.835232
16.593174
16.683466
16.728291
16.698195
16.507364
16.749424
16.728611
16.732775
18.787390
14.295859
16.668417
16.715485
16.693712
16.680584
16.685066
16.630316
16.691151
16.673861
16.725410
16.657211
16.679623
16.627754
16.735975
16.607903
16.974833
16.426680
16.702036
16.564358
16.715805
16.626793
16.789766
16.703957
16.618469
16.648565
16.720926
16.616867
16.905033
16.490395
16.801613
16.527536
16.625834
16.638319
16.755827
16.685066
16.595095
16.669697
16.648245
16.735975
16.683146
16.667137
16.730532
16.646645
16.759989
16.746222
16.679623
16.557634
16.705238
16.618149
16.699154
16.802254
16.578125
16.642162
16.607582
16.744942
16.790728
16.537142
16.762230
16.639921
16.592213
16.733734
16.593174
16.687948
16.807377
16.562757
16.711962
16.663614
16.643122
16.670338
16.780161
16.570120
16.696913
16.650806
16.724770
16.835232
16.574923
16.571081
16.792648
16.555073
16.687307
16.737577
16.661373
16.667456
16.663294
16.734695
16.573002
16.691790
16.824987
16.580687
16.799372
16.512487
16.687628
16.696274
16.691790
16.707479
16.580046
16.776638
16.586130
16.668737
16.773438
16.617828
16.687628
16.573322
16.777599
16.609182
16.778881
16.548668
16.719646
16.751986
17.046232
16.392099
16.629034
16.591574
16.703318
17.355209
15.910543
16.729893
16.794889
16.626472
16.566599
16.657211
16.718365
16.695313
16.647924
16.714523
16.679304
16.678984
16.683146
16.659452
16.678343
16.811539
16.509926
16.672579
16.884861
16.483030
16.824026
16.613985
16.559235
16.895107
16.574284
16.571402
16.756468
16.668737
17.538996
15.794957
16.687948
16.643763
16.720287
16.615587
16.757427
16.547388
16.682825
16.690830
16.781122
16.641521
16.602779
16.654970
16.675781
16.706518
17.028624
16.392420
16.621990
16.645683
16.680264
16.649527
16.916559
16.548347
16.586451
16.643763
17.111870
16.423798
16.586451
16.759350
16.687948
16.615267
16.600218
16.661694
16.678022
16.735975
16.558914
16.697554
16.631596
16.690189
16.767033
16.604700
16.723808
16.681545
16.702356
16.665855
16.719326
16.871094
16.402985
16.631275
16.727970
16.621990
16.762550
16.620710
16.656570
16.662014
16.865971
16.494238
16.895107
16.495518
16.682505
16.654970
16.675140
16.688269
16.706839
16.670658
16.671619
16.856365
16.492636
16.634478
16.772476
16.635757
16.639921
16.678343
16.700756
16.621990
16.777279
16.741419
16.590933
16.689228
16.703318
16.645044
17.112511
16.203510
16.644083
16.698515
16.844198
16.647924
16.578445
16.665535
16.821785
16.513769
16.636398
16.723488
16.811539
16.704597
16.785604
16.362322
16.809298
16.521454
16.969709
16.431162
16.742699
16.730213
16.568199
16.743340
16.646645
16.646324
16.839396
16.525616
16.661053
16.684107
16.647924
16.626152
16.742380
16.610785
16.656250
16.727011
16.710361
16.617508
16.657530
16.712603
16.698195
16.625513
16.683466
16.793928
16.700756
16.502562
16.696274
16.665855
16.944735
16.405546
16.726370
16.627754
16.757109
16.630955
16.864048
16.674181
16.575884
16.543226
16.778561
16.593815
16.683466
16.670017
16.757427
16.581007
16.766394
16.624231
16.667137
16.725729
16.600538
16.708120
16.691151
16.633516
16.790407
16.592213
16.691471
16.623590
16.720608
16.638000
16.785284
16.618149
16.690189
16.650806
16.629034
16.726049
16.656891
16.659773
16.648565
16.659452
16.689869
16.643442
16.807056
16.544186
16.777920
16.605341
16.660091
16.719967
16.795210
16.503202
16.666817
16.651447
16.754227
16.688910
16.668417
16.720287
16.647606
16.703638
16.572681
16.700436
16.744942
16.684746
16.669697
16.642803
16.681864
16.588051
16.763832
16.591574
16.660412
16.771517
16.674181
16.624231
16.733734
16.611105
16.808018
16.565958
16.660091
16.738857
16.640881
16.600538
16.671940
16.713243
16.739178
16.582607
16.724449
16.774397
16.520172
16.871733
16.468943
16.647924
16.921041
16.483351
16.678022
16.755186
16.636719
16.604700
16.834593
16.568520
16.673220
16.649527
16.655930
16.641521
16.756147
16.658491
16.650486
16.677702
16.747822
16.672899
16.686348
16.586451
16.750063
16.618469
16.639280
16.720926
16.746542
16.737257
16.545786
16.760630
16.624552
16.759668
16.690830
16.593815
16.682505
16.623272
16.717405
16.707479
16.670338
16.752945
16.495838
16.784002
16.717726
16.564037
16.917839
16.437565
16.641521
16.681225
16.700115
16.775679
16.830109
16.401064
16.666817
16.696274
16.652409
16.678343
16.706198
16.653688
16.640881
16.782722
16.711641
16.533300
16.736937
16.684107
16.709721
16.616547
16.689548
16.645683
16.731493
16.623272
16.749744
16.790087
16.521772
16.645683
16.797451
16.650167
16.576204
16.705238
16.763512
16.559875
16.760950
16.779200
16.563717
16.710041
16.605021
16.598297
16.843557
16.620710
16.610464
16.666817
16.680904
16.724129
16.633198
16.640881
16.667776
16.658491
16.713243
16.956581
16.426359
16.860207
17.035667
16.164129
16.676743
16.742060
16.638639
16.761271
16.496479
16.683146
16.666817
16.800333
16.589651
16.661694
16.678663
16.731493
16.590612
16.654009
16.841637
16.557314
16.697874
16.726690
16.577484
16.776958
16.687628
16.541624
16.721567
16.684425
16.646645
16.765753
16.667776
16.581648
16.727652
16.657530
16.803534
16.713562
16.502562
16.690830
16.674501
16.677702
16.709080
16.634478
16.633837
16.706198
16.665535
16.670979
16.691790
16.683146
16.632877
16.688269
16.729252
16.643122
16.735655
16.685066
16.625193
16.672899
16.713562
16.717405
16.674820
16.606941
16.626793
16.713882
16.628714
16.656250
16.765753
16.712603
16.570761
16.761591
16.721247
16.570120
16.669697
16.690189
16.705559
16.667137
16.832031
16.569801
16.582287
16.794569
16.576525
16.716764
16.625513
16.770235
16.617828
16.711641
16.615267
16.672258
16.858606
16.498079
16.767673
16.773758
16.479830
16.642803
16.752304
16.663294
16.621031
16.841637
16.694031
16.702677
16.527536
16.616226
16.707159
16.752945
16.656250
16.642803
16.829790
16.475027
16.720608
16.745581
16.531059
16.757109
16.596376
16.725410
16.678022
16.696592
16.797771
16.554752
16.648886
16.690189
16.686668
16.761271
16.610785
16.565638
16.769915
16.567240
16.876215
16.576204
16.783684
16.594454
16.584848
16.662334
16.716444
16.741098
16.566278
16.811218
16.723167
16.676743
16.624872
16.634478
18.721111
14.745397
16.454214
16.746542
16.735016
16.666496
16.564037
16.750704
16.673861
16.603100
16.734055
16.763832
16.530418
16.751345
17.039509
16.287720
16.689548
16.746862
16.525295
16.756468
16.680264
16.813780
16.523695
16.696592
16.646645
16.675781
16.727331
16.587410
16.665855
16.747183
16.605341
16.715805
16.630316
16.635439
16.698195
16.748463
16.656891
16.755827
16.545467
16.676743
16.755186
16.759029
16.548029
16.760950
16.655930
16.700756
16.643763
16.653688
16.693071
16.704918
16.639280
16.658812
16.671619
16.699795
16.651127
16.636719
16.677382
16.655289
16.723167
16.803854
16.581007
16.655289
16.621990
16.647924
16.684107
16.758389
16.683466
16.685387
16.723167
16.750383
16.515049
16.832991
16.593174
16.633837
16.645683
16.668097
16.695953
16.780802
16.682825
16.608543
16.563396
16.676743
16.768635
16.609182
16.824987
16.497438
16.668737
16.676743
16.648245
16.839396
16.595736
16.779520
16.560514
16.607903
16.734375
16.940573
16.433403
16.685707
16.647924
16.595095
16.739178
16.680904
16.680264
16.592533
16.767353
16.573322
16.763512
16.746222
16.640560
16.675140
16.625513
16.642483
16.800972
16.678343
16.617508
16.660732
16.593174
16.683786
16.616867
16.774397
16.686348
16.714523
16.648886
16.742380
16.547068
16.751665
16.456455
16.739819
16.652727
16.907274
16.420275
16.752304
16.586130
16.718685
16.692430
16.620710
16.740778
16.647606
16.616867
16.736296
16.637039
16.645365
16.659773
16.945696
16.463499
16.777279
16.588371
16.634157
16.756468
16.713243
16.621031
16.703638
16.686987
16.628393
16.659773
16.816662
16.715805
16.724770
16.424437
16.653048
16.683466
16.722528
16.632877
16.700756
16.677061
16.635757
16.710361
17.240904
16.094969
16.656891
16.697874
16.628714
16.887743
16.618149
16.570761
16.883261
16.515690
16.659773
16.604700
16.765112
16.626152
16.717405
16.612705
16.666176
16.692430
16.785284
16.573963
16.670658
16.632877
16.696274
16.664576
16.664894
16.733093
16.652727
16.643442
16.694992
16.716124
16.645044
16.684746
16.611423
16.742699
16.639921
16.649527
16.708120
16.738216
16.663614
16.603420
16.698833
16.698515
16.652727
16.686987
16.715805
16.636078
16.671619
16.677382
16.749104
16.558914
16.687307
16.711641
16.679623
16.693712
16.869492
16.432442
16.735016
16.634478
16.667456
16.753265
16.675781
16.682825
16.642162
16.676422
16.614305
16.751986
16.718046
16.556673
16.770876
16.637039
16.619429
16.709721
16.761591
16.583889
16.757427
16.711641
16.595736
16.701395
16.657530
16.551229
16.752625
16.623911
16.755827
16.638000
16.739498
16.609823
16.664255
16.708441
16.591253
16.740778
16.746222
16.564999
16.679623
16.691790
16.771517
16.702997
16.631596
16.586130
16.779520
16.621990
16.622952
16.847078
16.601500
16.819864
16.467342
16.634157
16.746222
16.581007
16.767673
16.603741
16.627754
16.701077
16.740778
16.680584
16.668737
16.764791
16.527536
16.722208
17.838366
15.654077
16.572042
16.651447
16.613026
16.685387
16.666496
16.721567
16.882299
16.466702
16.729572
16.610464
16.682825
16.687628
16.783043
16.605661
16.729572
16.549629
16.738537
16.648245
16.838434
16.492636
16.724129
16.616867
16.704277
16.721567
16.702036
16.672258
16.600859
16.694672
16.692430
16.643763
16.718046
16.676422
16.676422
16.564358
16.690830
16.663294
16.757748
16.692751
16.594454
16.857645
16.476948
16.697233
16.728931
16.888382
16.460299
16.652088
16.638639
16.834593
16.665535
16.602459
16.608543
16.860207
16.496799
16.669378
16.743340
16.706198
16.581968
16.697233
16.648565
16.767033
16.679943
16.618469
16.618788
16.693392
16.792007
16.714203
16.808336
16.584848
16.502882
16.671299
16.689228
16.687948
16.768955
16.562757
16.654329
16.733093
16.647285
16.622952
16.834911
16.568520
16.649847
16.780161
16.587410
16.667456
16.831390
16.574604
16.611423
16.871094
16.546427
16.639921
16.695953
16.797131
16.508326
16.608223
16.719006
16.842916
16.582928
16.572681
16.746862
16.621031
16.676743
16.707159
16.628714
16.764471
16.673861
16.655930
16.697874
16.602459
16.738857
16.612064
16.670338
16.686668
16.643122
16.692430
16.813139
16.844198
16.397861
16.633198
16.749104
16.646645
16.929686
16.431801
16.652088
16.702356
16.638319
16.679943
16.733414
16.629995
16.732454
16.621031
16.630955
16.836514
16.625193
16.643763
16.625834
16.649527
16.703638
16.620070
16.732134
16.613985
16.782722
16.679943
16.582607
16.631275
16.709721
16.765432
16.646324
16.704277
16.562757
16.661373
16.756468
16.703957
16.602779
16.704277
17.059361
16.254419
16.861807
16.496159
16.736616
16.598618
16.803215
16.595095
16.694351
16.633837
16.757109
16.517611
16.684425
16.752625
16.631275
16.707800
16.657850
16.627434
16.687948
16.726690
16.676743
16.782722
16.484953
16.649527
16.727331
16.671299
16.806416
16.636078
16.555393
16.763832
16.667456
16.617828
16.793928
16.622631
16.671299
16.616867
16.774717
16.570761
16.760630
16.586771
16.667137
16.731813
16.661694
16.609823
16.773758
16.680264
16.568840
16.674501
16.677061
16.688589
16.639601
16.779840
16.527216
16.665855
16.766714
16.577166
16.732775
16.715805
16.586451
16.662334
16.716444
16.652727
16.716444
16.674820
16.643763
16.659132
16.712923
16.691471
16.767673
16.615587
16.638639
16.648565
16.799372
16.493597
16.928085
16.577166
16.571081
16.737257
16.626152
16.897348
16.524014
16.653688
16.596376
16.776638
16.633837
16.638639
16.852201
16.599897
16.554111
16.855404
16.520493
16.713243
16.774078
16.578766
16.654650
16.604380
16.756147
16.598618
16.812820
16.639280
16.648245
16.619429
16.751345
16.581648
16.740458
16.655609
16.679943
16.604700
16.682825
16.685707
16.783363
16.681225
16.553150
16.710041
16.679304
16.570761
16.780481
16.631596
16.724770
16.628075
16.734695
16.573322
16.818262
16.581968
16.701077
16.649206
16.678663
16.825947
16.574604
16.617188
16.700436
16.796810
16.668737
16.540344
16.723488
16.724449
16.665855
16.807697
16.524334
16.719646
16.774078
16.659452
16.465740
16.698515
16.776638
16.764791
16.615587
16.634157
16.556353
16.687628
16.718365
16.734695
16.619749
16.732775
16.548668
16.799372
16.721888
16.586771
16.771196
16.711962
16.716124
16.453894
18.875120
14.410485
16.744621
16.697874
16.627113
16.645683
16.729252
16.663935
16.750063
16.583248
16.705879
16.663614
16.713243
16.613667
16.809298
16.618149
16.692430
16.637360
16.639921
16.678022
16.704597
16.641201
16.725729
16.748783
16.590933
16.594454
16.816982
16.617508
16.615908
16.713882
16.625193
16.680264
16.748463
16.662653
16.621031
16.728931
16.681225
16.595095
16.785925
16.625834
16.624872
16.793608
16.576525
16.694672
16.681545
16.654009
16.739819
16.689228
16.577166
16.722849
16.653368
16.638639
16.720287
16.675781
16.644724
16.724129
16.766073
16.637360
16.615908
16.703638
16.628714
16.648565
16.752945
16.679943
16.620390
16.706518
16.729572
16.585489
16.801933
16.690510
16.516649
16.656891
16.694031
16.724449
16.721567
16.728291
16.615908
16.644724
16.638319
16.664576
16.791367
16.614305
16.612064
16.719967
16.633198
16.701715
16.781761
16.636398
16.650806
16.689869
16.605021
16.671619
16.835873
16.616547
16.565958
16.694672
16.643763
16.760309
17.704531
15.690578
16.630316
16.575884
16.874935
16.540024
16.698515
16.852842
16.452293
16.804174
16.771196
16.495197
16.852842
16.447811
16.620390
16.694351
16.727011
16.622952
16.753265
16.715164
16.664576
16.565638
16.716124
16.673540
16.761911
16.570440
16.706198
16.694672
16.780161
16.521133
16.735655
16.625834
16.846760
16.502882
16.695633
16.633837
16.719326
16.684746
16.617188
16.713882
16.677382
16.608543
16.821144
16.569160
16.651768
16.662653
16.689869
16.714203
16.730213
16.741098
16.681225
16.497438
16.705559
16.622631
16.784002
16.608223
16.698515
16.613985
16.727331
16.796810
16.526575
16.800333
16.637360
16.695313
16.560835
16.726370
16.706839
16.646004
16.658812
16.667776
16.639280
16.705238
16.766394
16.615587
16.610144
16.635118
16.697874
16.690830
16.728291
16.701715
16.633198
16.706839
16.622631
16.655930
16.766714
16.621349
16.736616
16.648565
16.559875
16.674820
16.785925
16.600538
16.682184
16.683466
16.702356
16.678022
16.821785
16.560835
16.608223
16.740778
16.725729
16.562757
16.732775
16.580046
16.692751
16.784002
16.579086
16.701395
16.728931
16.674501
16.598938
16.717405
16.621031
16.690510
16.776320
16.672899
16.625834
16.671940
16.701715
16.654970
16.664255
16.777279
16.625193
16.578125
16.778561
16.583569
16.743660
16.674501
16.661694
16.637680
17.003008
16.430841
16.645365
16.684107
16.707800
16.615267
16.674181
16.714844
16.622952
16.773117
16.608223
16.625834
16.753586
16.648886
16.654970
16.666496
16.662973
16.730532
16.666496
16.654329
16.738857
16.662973
16.606941
16.702997
16.678343
16.633516
16.757748
16.654009
16.729572
16.546427
16.730213
16.627754
16.699154
16.662334
16.747822
16.589651
16.733093
16.690189
16.717726
16.642803
16.821144
16.528498
16.660091
16.722849
16.633516
16.775679
16.605982
16.707159
16.717085
16.481430
16.773758
16.615267
16.682825
16.641842
16.735975
16.656570
16.754227
16.585489
16.671619
16.722849
16.743019
16.586771
16.687948
16.699154
16.599257
16.764471
16.681864
16.646965
16.657850
16.722849
16.656250
16.662653
16.616226
16.680264
16.700436
16.694351
16.607903
16.687628
16.655609
16.658171
16.741419
16.722849
16.572363
16.714844
16.689869
16.626152
16.727652
16.913677
16.451332
16.694031
16.689869
16.616226
16.803854
16.529778
16.699154
16.746222
16.579727
16.737257
16.749744
16.621670
16.730852
16.517611
16.692430
16.685066
16.700436
16.639280
16.687307
16.653688
16.683786
16.633837
16.812820
16.575243
16.636078
16.726690
16.615267
16.632877
16.858927
16.551550
16.627113
16.712603
16.693392
16.742060
16.591253
16.650486
16.685066
16.645044
16.694992
16.674820
16.734375
16.650806
16.653048
16.725410
16.676743
16.630955
16.852842
16.524014
16.618469
16.759668
16.726049
16.600218
16.644403
16.733414
16.645365
16.665535
16.705879
16.687307
16.732134
16.611105
16.661053
16.636719
16.715164
16.709721
16.671299
16.630636
16.744301
16.567879
16.701077
16.717726
16.704918
16.796810
16.503843
16.775999
16.571402
16.806095
16.703318
16.684425
16.514729
16.668737
16.630955
16.679943
16.740778
16.651768
16.737257
16.575243
16.906313
16.458696
16.842916
16.707800
16.487513
16.673861
16.684107
16.776958
16.621349
16.576525
16.788805
16.561155
16.714523
16.743019
17.354250
15.919188
16.625513
16.690510
16.635439
16.696592
16.773117
16.731813
16.513769
16.857004
16.540344
16.636398
16.791687
16.641201
16.595095
16.671299
16.890625
16.518572
16.830109
16.501282
16.674181
16.684746
16.637360
16.735975
16.755827
16.541945
16.630316
16.729572
16.622311
16.658491
16.755507
16.702997
16.569801
16.672579
16.761591
16.695953
16.637039
16.685707
16.645365
16.641521
16.724770
16.720926
16.607262
16.778881
16.654329
16.601500
16.735655
16.718365
16.664576
16.607903
16.598297
16.724770
16.839075
16.783684
16.500320
16.636719
16.791367
16.555393
17.144209
16.146519
16.747822
16.638960
16.620070
16.722849
16.648245
16.675461
16.839396
16.533300
16.652727
16.659132
16.740137
16.644083
16.723488
16.672258
16.719967
16.604700
16.657530
16.709080
16.656250
16.630636
16.673540
16.707159
16.722528
16.671940
16.643763
16.685707
16.722849
16.597977
16.733734
16.626152
16.677061
16.751986
16.580366
16.669378
16.808336
16.611423
16.670979
16.611423
16.667776
16.662973
16.725410
16.715805
16.622311
16.759029
16.573963
16.670338
16.754866
16.718685
16.664255
16.648565
16.600859
16.813139
16.566278
16.816021
16.521454
16.733093
16.662334
16.734055
16.628714
16.759029
16.612385
16.695633
16.606302
16.643442
16.725090
16.727970
16.571402
16.672258
16.692751
16.683146
16.751345
16.639601
16.643442
16.664255
16.737577
16.732775
16.561155
16.781122
16.502241
16.779520
16.658491
16.621670
16.650167
16.748142
16.649847
16.792969
16.589651
16.622631
16.644083
16.801292
16.581327
16.713882
16.760309
16.544186
16.696913
16.710361
16.673861
16.625834
16.657850
16.767994
16.604380
16.788805
16.696913
16.628714
16.666817
16.618149
16.752304
16.715805
16.590292
16.668097
16.791367
16.727331
16.553150
16.655930
16.633198
16.801292
16.582607
16.804815
16.633198
16.721247
16.487833
16.774397
16.592533
16.742380
16.702677
16.596697
16.647285
17.054878
16.553150
16.571722
16.822426
18.010944
17.146770
14.570577
16.665535
16.678343
16.715805
16.713243
16.675140
16.662973
16.671619
16.659773
16.696274
16.818903
16.504803
16.692110
16.757427
16.533939
16.684746
16.730213
16.731493
16.675461
16.747822
16.460299
16.722208
16.762871
16.551229
16.888702
16.498720
16.786245
16.586451
16.677702
16.615587
16.654009
16.798092
16.624552
16.857965
16.720608
16.468943
16.625513
16.644083
17.103546
16.255701
16.720608
16.603100
16.676102
16.664255
16.744621
16.617508
16.745260
16.605661
16.686668
16.670658
16.664894
16.641201
16.795530
16.583889
16.677382
16.636719
16.711321
16.833952
16.707800
16.533939
16.664894
16.663294
16.675781
16.691151
16.703638
16.718685
16.723808
16.504482
16.713243
17.037268
16.311413
16.647924
16.714523
16.595736
16.709400
16.688589
16.787525
16.555393
16.725729
16.652409
16.613985
16.716124
16.830429
16.496159
16.771517
16.599577
16.676422
16.844519
16.664894
16.551870
16.767033
16.575243
16.725729
16.677382
16.687948
16.579727
16.761911
16.618149
16.824667
16.588692
16.867891
16.536180
16.549309
16.651447
16.831070
16.640881
16.689228
16.549629
16.746222
16.630636
16.653368
16.748142
16.679304
16.581648
16.692751
16.663935
16.692430
16.693071
16.717405
16.722528
16.616226
16.628393
16.925844
16.444609
16.705559
16.992443
16.414513
16.782402
16.492636
16.655930
16.761591
16.628075
16.778240
16.579086
16.659773
16.675461
16.662334
16.638960
16.723167
16.575563
16.723167
16.678022
16.695313
16.615267
16.712282
16.601818
16.707479
16.688269
16.729893
16.684107
16.786564
16.612385
16.499041
16.920401
16.488474
16.641521
16.732134
16.625513
16.631916
16.801613
16.721888
16.525295
16.845798
16.587410
16.613346
16.683466
16.753265
16.570761
16.689869
16.703638
16.622952
16.693392
16.771835
16.556353
16.701395
16.685066
16.636719
16.848040
16.623590
16.612064
16.659132
16.683146
16.696592
16.650486
16.681225
16.627754
16.715805
16.712923
16.648565
16.662334
16.847078
16.560514
16.583569
16.824347
16.537142
16.728611
16.797451
16.501602
16.897989
16.535221
16.646004
16.654650
16.780802
16.605661
16.641201
16.670017
16.682184
16.712603
16.842596
16.448452
16.686348
16.943134
16.444609
16.753265
16.644403
16.640560
16.675461
16.679623
16.780802
16.524334
16.734695
16.705559
16.809298
16.530098
16.664894
16.878458
16.661053
16.558914
16.760950
16.542906
16.542265
16.699795
16.744942
16.610144
16.686028
16.670338
16.655930
16.756147
16.706198
16.569801
16.831390
16.532339
16.759029
16.607262
16.795210
16.531698
16.689548
16.644083
16.713882
16.704277
16.839075
16.457737
16.669058
16.701715
16.601500
16.746542
16.727970
16.562757
16.877817
16.512487
16.680264
16.661694
16.783684
16.650486
16.614626
16.787846
16.608223
16.760950
16.654650
16.503523
16.758068
16.558594
16.855724
16.557314
16.680264
16.714844
16.615587
16.641842
16.704918
16.775038
16.816662
16.488474
16.665215
16.607262
16.745260
16.640560
16.819223
16.797451
16.567560
16.556032
16.779520
16.552832
16.734375
16.585810
16.804174
16.582607
16.657530
16.816982
16.768955
16.434042
16.673861
16.632877
16.835232
16.575243
16.646965
16.730532
16.714844
16.574284
16.774397
16.649527
16.779200
16.526896
16.962986
16.335747
16.693392
16.732134
16.878458
16.490715
16.693712
16.712923
16.525616
16.769274
16.671299
16.678343
16.620390
16.827229
16.536821
16.752625
16.775358
16.545467
16.658491
16.652409
16.691471
16.758389
16.657530
16.676743
16.523375
16.743660
16.646645
16.767033
16.643763
16.677382
16.644403
17.393312
15.974259
16.628075
16.770876
16.711641
16.696913
16.502562
16.706198
16.792007
16.687948
16.567879
16.678022
16.723167
16.694992
16.527857
16.789125
16.779840
16.514408
16.700436
16.715164
16.641521
16.785604
16.512808
16.686028
16.677702
16.699795
16.688910
16.779200
16.695313
16.491997
16.653048
16.732775
16.643763
16.781122
16.617508
16.667456
16.626793
16.689869
16.733734
16.634478
16.688910
16.972591
16.407467
16.661373
16.741098
16.652409
16.649206
16.607903
16.696913
16.745260
16.641842
16.634478
16.643763
16.737577
16.591894
16.634157
16.750383
16.773117
16.584209
16.688589
16.650806
16.735016
16.666176
16.647606
16.735975
16.595736
16.669058
16.651768
16.741739
16.694672
16.653048
16.673540
16.655930
16.678984
16.648886
16.719967
16.610144
16.682184
16.723167
16.650167
16.750704
16.645044
16.653048
16.715164
16.653688
16.621349
16.648886
16.752625
16.711962
16.589651
16.713882
16.661694
16.621990
16.807377
16.799051
16.605982
16.553791
16.714523
16.614305
16.831070
16.575884
16.677702
16.649847
16.702997
16.670658
16.717726
16.766394
16.641521
16.642803
16.594774
16.834593
16.574604
16.849960
16.631596
16.536821
16.650806
16.768314
16.588051
16.704597
16.648565
16.602459
16.727331
16.649847
16.683786
16.701395
16.653688
16.707479
16.628393
17.327675
16.242573
16.498400
16.633837
16.670338
16.629675
16.758709
16.814100
16.619429
16.619429
16.763512
16.546427
16.840675
16.566599
16.626152
16.678663
16.743019
16.794249
16.473745
16.852842
16.525616
16.639921
16.747183
16.638000
16.623590
16.756788
16.646004
16.736296
16.638960
16.589012
16.770235
16.633198
16.841637
16.548347
16.630316
16.702036
16.702997
16.702036
16.628714
16.598938
16.671299
16.744301
16.719326
16.713562
16.597015
16.621031
16.673540
16.658812
16.710361
16.719967
16.627434
16.673861
16.678984
16.835552
16.445570
16.807377
16.598297
16.778881
16.628393
16.759989
16.571722
16.691151
16.690189
16.676422
16.666817
16.638639
16.645044
16.814741
16.615908
16.732134
16.538424
16.744301
16.866930
16.576525
16.621670
16.651447
16.638960
16.660412
16.711321
16.771196
16.524334
16.613346
16.643763
16.707800
16.705238
16.670338
16.628075
16.883579
16.469584
16.706198
16.741419
16.668417
16.702036
16.623911
16.679623
16.610785
16.714523
16.680904
16.708441
16.598618
16.748783
16.701077
16.689869
16.621990
16.663614
16.699154
16.700436
16.585169
16.867891
16.618149
16.608864
16.601179
16.682825
16.881338
16.609503
16.648886
20.051153
13.238295
16.615587
16.664894
16.757427
16.642483
16.727011
16.614946
16.765112
16.560514
16.696592
16.800653
16.532339
16.695953
16.646965
16.706198
16.645044
16.739178
16.685707
16.640560
16.671619
16.647606
16.672258
16.861488
16.605341
16.648245
16.673861
16.621670
16.684107
16.699795
16.632557
16.713243
16.643442
16.696274
16.669058
16.742699
16.546106
16.789125
16.690830
16.560514
16.680904
16.714523
16.649527
16.633516
16.759350
16.618788
16.707159
16.769915
16.529137
16.716444
16.685707
16.621349
16.791367
16.621031
16.606621
16.671940
16.719326
16.641521
16.751024
16.702356
16.681545
16.541304
16.798731
16.555712
16.941853
16.615267
16.479830
16.697233
16.724770
16.663935
16.615267
16.790087
16.745901
16.493277
16.717726
16.673220
16.679623
16.727011
16.619108
16.846760
16.492315
16.680264
16.657850
16.778881
16.649527
16.664894
16.656891
16.638319
16.683786
16.802895
16.599897
16.618788
16.767353
16.583569
16.827868
16.719326
16.641201
16.714523
16.610144
16.560835
17.110270
16.358480
16.505444
16.744301
16.769274
16.576525
16.843557
16.663614
16.540983
16.778561
16.745260
16.569801
16.757109
16.481750
16.676743
16.743340
16.597015
16.685707
16.611423
16.752625
16.743980
16.590933
16.695313
16.617188
16.699795
16.673861
16.690510
16.696913
16.704918
16.646965
16.627754
16.795530
16.634798
16.672579
16.579407
16.668097
16.746542
16.735016
16.572363
16.775679
16.725729
16.710682
16.475346
16.792969
16.577805
16.708441
16.665535
16.615587
16.714844
16.743340
16.785284
16.514090
16.638960
16.703638
16.647606
16.750063
16.627754
16.646645
16.725090
16.776958
16.513449
16.844519
16.601818
16.666496
16.637360
16.682825
16.702677
16.728931
16.593815
16.728291
16.558273
16.902151
16.589012
16.641842
16.582287
16.641521
16.783043
16.967468
16.332544
16.738216
16.676422
16.615908
16.685707
16.678984
16.780802
16.616226
16.646645
16.711000
16.632236
16.667776
16.678984
16.713882
16.603100
16.702997
16.658491
16.688269
16.655930
16.689228
16.659452
16.672899
16.641521
16.729572
17.521706
15.964654
16.629675
16.583569
16.647285
16.717726
16.617188
16.743340
16.687307
16.611423
16.733734
16.604700
16.704597
16.767353
16.578445
16.732775
16.640560
16.641842
16.685387
16.857645
16.519211
16.696274
16.571402
16.761271
16.605982
16.811539
16.619108
16.624231
16.615267
16.734055
16.669697
16.755507
16.586130
16.674501
16.722208
16.749744
16.539383
16.785925
16.589651
16.642483
16.686668
16.664576
16.634157
16.835552
16.554111
16.763191
16.569801
16.761591
16.584848
16.748783
16.651447
16.660412
16.691790
16.708120
16.667137
16.755507
16.662014
16.646324
16.673861
16.574284
16.749424
16.630636
16.632877
16.675461
16.720608
16.605341
16.710361
16.810898
16.589651
16.667137
16.747501
16.563396
17.453827
15.935517
16.679304
16.789125
16.512167
16.719646
16.634478
16.740458
16.726049
16.533619
16.755507
16.672899
16.706839
16.719967
16.631916
16.682505
16.751665
16.523695
16.717085
16.744942
16.726049
16.480789
16.687948
16.685707
16.660732
16.898628
16.519211
16.605341
16.727970
16.738537
16.556353
16.700115
16.638319
16.678022
16.649206
16.794249
16.575884
16.725410
16.661373
16.629675
16.669697
16.861488
16.523695
16.692110
16.751024
16.548988
16.733414
16.629034
16.654970
16.712603
16.687948
16.620070
16.700436
16.645683
16.668097
16.801292
16.784002
16.748783
16.437244
16.689548
16.678343
16.720287
16.684425
16.721888
16.553791
16.802895
16.555073
16.772797
16.565638
16.670017
16.617828
16.781761
16.831711
16.565317
16.586130
16.618469
16.701395
16.718046
16.788166
16.616867
16.578766
16.636078
16.693712
16.652409
16.685707
16.770876
16.649206
16.769915
16.612705
16.679623
16.647606
16.681225
16.611744
16.725410
16.743019
16.613985
16.606302
16.787846
16.675461
16.610785
16.618788
16.687307
16.670338
16.797451
16.714203
16.489435
16.680584
16.820824
16.571722
16.769915
16.537142
16.680584
16.660412
16.705559
16.626793
16.961704
16.556353
16.504803
17.161179
16.192625
16.695633
16.663935
16.628714
16.619108
16.699474
16.745901
16.597015
16.736616
16.670017
16.660412
16.707479
16.696913
16.615587
16.736937
16.599257
16.612385
16.732454
16.834593
16.580366
16.648565
16.708759
16.609182
16.635439
16.683466
16.667456
16.992443
16.475666
16.597656
16.800333
16.559555
16.642483
16.706839
16.662973
16.728291
16.610785
16.691471
16.694031
16.705559
16.629995
16.670979
16.682505
16.745260
16.638639
16.785925
16.589972
16.586771
16.689869
16.680904
16.751024
16.639921
16.596056
16.728291
16.683466
16.670017
16.686028
16.677382
16.713882
16.593815
16.647924
16.751024
16.683786
16.718685
16.564037
16.832991
16.546427
16.644403
16.753265
16.612385
16.749104
16.665215
16.638960
16.744942
16.592854
16.745901
16.680264
16.591253
16.699154
16.691471
16.718685
16.676422
16.726049
16.550270
16.705238
16.633837
16.810259
16.606621
16.714523
16.589972
16.701077
16.704918
16.653368
16.816982
16.560514
16.787525
16.533939
16.636398
16.838434
16.594135
16.663935
16.739498
16.690189
16.596697
16.748463
16.624872
16.652088
16.593815
16.726690
16.681225
16.711000
16.583889
16.667137
16.782722
16.571081
16.717405
16.767994
16.668737
16.625193
16.651768
16.684746
16.662014
16.848360
16.507044
16.613985
16.662014
16.763191
16.713882
16.823065
16.494877
16.660732
16.637039
16.814421
16.782722
16.478548
16.619749
16.666496
16.662334
16.672899
16.669697
16.877176
16.728931
16.570440
16.573002
16.722849
16.616867
16.751986
16.732775
16.650486
16.580687
16.650486
16.819864
16.575563
16.641201
16.753906
16.603420
16.658812
16.730532
16.741739
16.600859
16.602779
16.672258
16.651127
16.790087
16.724129
16.572042
16.685066
16.595415
16.811218
16.654970
17.316467
16.049824
16.592854
16.650486
16.689869
16.707159
16.694031
16.638960
16.698195
16.674501
16.710682
16.753265
16.579407
16.699474
16.608223
16.686987
16.721247
16.701715
16.705879
16.670338
16.642162
16.613985
16.633198
16.804495
16.664894
16.653368
16.748142
16.550909
17.016136
16.375130
16.825626
16.712282
16.527216
16.642483
16.786564
16.684425
17.454147
18.112762
14.283692
16.636078
16.708759
16.699474
16.726370
16.599897
16.698515
16.781761
16.600538
16.680584
16.761591
16.633198
16.629675
16.621031
16.721247
16.646645
16.744942
16.703957
16.623911
16.600218
16.654970
17.218493
16.308210
16.673861
16.586451
16.612385
16.694351
16.835552
16.607903
16.578766
16.719967
16.671940
16.670979
16.761591
16.636078
16.599257
16.707479
16.814741
16.630955
16.577805
16.784002
17.233221
15.988668
16.646004
16.653368
16.750383
16.709080
16.593174
16.694992
16.675781
16.678663
16.677061
16.732775
16.611105
16.712282
16.632877
16.645683
16.678663
16.738537
16.653368
16.806095
16.512487
16.636078
16.735975
16.840675
16.519852
16.626472
16.695313
16.615908
16.684107
16.883261
16.525295
16.702356
16.605341
16.775358
16.642162
16.661694
16.641201
16.744942
16.696274
16.606941
16.680264
16.693712
16.680264
16.615267
16.815701
16.590292
16.646645
16.823706
16.663614
16.735016
16.583889
16.738216
16.622311
16.711321
16.513769
16.696913
16.623590
16.714203
16.674181
16.766073
16.556993
16.704277
16.636719
16.646965
16.867891
16.611423
16.693712
16.580366
16.850922
16.662334
16.589333
16.676102
16.644083
16.710361
16.643122
16.618788
16.657850
16.801933
16.627754
16.645683
16.912077
16.587410
16.573643
16.710682
16.542265
16.843237
16.495518
16.750063
16.670979
16.774078
16.620390
16.783043
16.533939
16.612064
16.752945
16.714523
16.561796
16.668417
16.710041
16.619749
16.712282
16.693392
16.614946
16.675781
16.663935
16.685387
16.665215
16.691790
16.653048
16.692110
16.725729
16.854124
16.423157
16.695953
16.707479
16.724129
16.581007
16.776638
16.592854
16.791048
16.627754
16.682184
16.668097
16.784964
16.513449
16.773438
16.615267
16.705879
16.536180
16.743980
16.735016
16.822105
16.428600
16.745901
16.618469
16.751665
16.622631
16.770876
16.606941
16.659452
16.657850
16.699795
16.630316
16.724449
16.561476
16.740458
16.630955
16.693392
16.694672
16.741739
